acc
0.01171875
-0.05126953125
-0.13116455078125
-0.2093505859375
-0.19683837890625
-0.32708740234375
-0.24505615234375
-0.1021728515625
-0.09332275390625
-0.779052734375
-0.39715576171875
-0.36279296875
-0.66015625
0.30615234375
-0.19317626953125
0.44818115234375
-0.49285888671875
0.513671875
0.400634765625
-0.16827392578125
-0.01861572265625
-0.13555908203125
-0.3275146484375
-0.02703857421875
0.35858154296875
0.052734375
-0.653564453125
0.70721435546875
0.30889892578125
0.39251708984375
0.01971435546875
0.313232421875
0.0950927734375
-0.0299072265625
-0.36700439453125
-0.29339599609375
-0.6568603515625
1.2642822265625
0.54852294921875
-0.22003173828125
-0.49749755859375
-0.2921142578125
-0.52935791015625
-0.020263671875
0.13543701171875
1.15478515625
-0.0439453125
-1.13751220703125
0.69390869140625
-0.35205078125
-0.94171142578125
-0.12811279296875
-0.39105224609375
0.42413330078125
0.573974609375
-0.16937255859375
0.06317138671875
0.775146484375
-1.1837158203125
-0.9771728515625
-0.12127685546875
-0.3846435546875
0.7149658203125
-0.10919189453125
-0.1248779296875
0.1898193359375
-0.19775390625
-0.1802978515625
-0.13604736328125
0.36297607421875
-0.07568359375
0.00732421875
-0.5789794921875
-0.45208740234375
-0.5343017578125
-0.953125
1.06591796875
0.580078125
0.19842529296875
-0.10699462890625
-0.37738037109375
-0.58197021484375
0.5487060546875
-0.1143798828125
-0.93048095703125
0.4622802734375
0.12017822265625
-0.45831298828125
0.71343994140625
-0.09375
0.12451171875
-0.15350341796875
-0.1556396484375
-0.21319580078125
-0.52239990234375
-0.65887451171875
-0.68682861328125
-0.14508056640625
0.45220947265625
0.35125732421875
-0.270263671875
-0.1346435546875
-0.13482666015625
-0.64251708984375
0.0029296875
0.3131103515625
0.29644775390625
-0.5020751953125
0.2210693359375
1.00738525390625
-0.1754150390625
0.44671630859375
-0.0950927734375
0.47808837890625
0.08062744140625
-0.48876953125
-1.212646484375
0.1917724609375
0.27978515625
-0.3360595703125
0.26214599609375
-0.1680908203125
0.43560791015625
-0.44903564453125
-0.64691162109375
0.44024658203125
0.0994873046875
0.40789794921875
-0.07391357421875
-0.34197998046875
0.24285888671875
0.0897216796875
-0.54290771484375
-0.51171875
-0.917724609375
-0.35247802734375
-0.2694091796875
-0.17474365234375
-0.216552734375
-0.61956787109375
-0.4532470703125
0.1627197265625
-0.12835693359375
-0.61004638671875
0.34869384765625
0.02838134765625
0.3057861328125
-0.4229736328125
0.01495361328125
-0.38458251953125
-0.2445068359375
-0.22552490234375
0.16748046875
-0.80047607421875
-0.67132568359375
-0.287353515625
0.21356201171875
-0.033203125
-0.268798828125
-0.77825927734375
-0.25787353515625
0.14691162109375
-0.0166015625
-0.952880859375
-0.32086181640625
-0.09820556640625
0.14471435546875
0.33502197265625
0.0567626953125
-0.034423828125
-0.25555419921875
-0.1328125
-0.08740234375
0.2381591796875
0.28692626953125
-0.03204345703125
-0.47381591796875
0.2674560546875
0.18707275390625
-0.65093994140625
-0.31671142578125
0.2100830078125
-0.017333984375
-0.13336181640625
-0.4110107421875
-0.02703857421875
0.09088134765625
-0.2088623046875
0.2188720703125
-0.138427734375
-0.28790283203125
-1.40728759765625
-0.0810546875
-0.37249755859375
0.16961669921875
0.79010009765625
-0.20184326171875
-0.3753662109375
0.298828125
-0.285888671875
-0.50726318359375
-0.40008544921875
-0.0792236328125
-0.15997314453125
0.24432373046875
-0.6239013671875
-0.26239013671875
0.13043212890625
-0.88299560546875
0.4320068359375
0.07666015625
0.4599609375
-0.31170654296875
-0.45208740234375
-0.33868408203125
0.2877197265625
-0.9775390625
-0.09832763671875
1.0609130859375
-0.19927978515625
-0.0789794921875
0.01544189453125
0.689208984375
-0.2347412109375
-0.65655517578125
-0.0263671875
-0.17828369140625
0.70635986328125
0.03265380859375
0.40673828125
-0.16241455078125
-0.61822509765625
-1.1715087890625
-0.30352783203125
-0.63525390625
-0.1597900390625
-0.738525390625
0.36517333984375
1.12860107421875
-0.091552734375
-0.37451171875
0.42742919921875
-0.73333740234375
-0.40185546875
0.03765869140625
-1.037109375
-0.10345458984375
-0.2822265625
-1.22576904296875
0.51531982421875
-0.27069091796875
-0.12152099609375
0.22161865234375
-0.2135009765625
-1.0115966796875
0.29168701171875
-0.00390625
0.7784423828125
0.00244140625
-0.45355224609375
-0.77691650390625
1.6612548828125
0.56884765625
-0.3253173828125
-1.06591796875
-0.0743408203125
0.087890625
-0.215087890625
-0.0311279296875
-0.20037841796875
0.60272216796875
-0.01495361328125
-0.34930419921875
0.15948486328125
-0.5079345703125
-0.10546875
-0.1163330078125
-0.46270751953125
-0.18023681640625
-0.170654296875
-0.14794921875
0.403564453125
0.01849365234375
0.33203125
-0.0035400390625
0.0242919921875
-0.1156005859375
-0.58831787109375
-0.04669189453125
0.0806884765625
0.13421630859375
-0.20843505859375
0.11651611328125
-0.5380859375
0.00860595703125
0.38134765625
0.329833984375
-0.63665771484375
-0.0804443359375
0.33990478515625
0.1832275390625
-0.3798828125
-0.5511474609375
-0.13665771484375
0.7620849609375
-0.2685546875
0.89117431640625
-0.33941650390625
-0.3734130859375
-0.30059814453125
-0.24285888671875
0.22808837890625
-0.51226806640625
0.2626953125
-0.6268310546875
0.55047607421875
-0.6021728515625
-0.34967041015625
0.3304443359375
-0.24859619140625
0.20208740234375
-0.49163818359375
-0.6722412109375
-0.0155029296875
0.31329345703125
-0.323974609375
0.0816650390625
-0.28326416015625
0.641845703125
-0.45062255859375
-0.04473876953125
-0.0262451171875
-0.40155029296875
-0.60357666015625
-0.01983642578125
-0.1727294921875
-0.38934326171875
-0.36102294921875
-0.059814453125
0.24871826171875
0.1572265625
-0.24700927734375
0.0810546875
-0.01336669921875
-0.627685546875
0.1304931640625
-0.56134033203125
0.792724609375
-0.32537841796875
0.375732421875
-0.34942626953125
0.1669921875
0.08612060546875
-0.54925537109375
-0.16815185546875
-0.408935546875
0.13421630859375
-0.264892578125
0.3480224609375
0.2933349609375
-0.38427734375
-0.21466064453125
0.56396484375
-0.4833984375
-0.1807861328125
0.2493896484375
0.5439453125
0.28692626953125
-0.052490234375
-0.703125
-0.1138916015625
-0.3006591796875
-0.69317626953125
-0.6353759765625
-0.04644775390625
0.000732421875
-0.13641357421875
-0.18011474609375
0.73675537109375
-0.43365478515625
-0.06732177734375
-0.41607666015625
-0.20050048828125
0.1800537109375
0.1201171875
0.443603515625
-0.2294921875
-1.005126953125
-1.1767578125
-0.17694091796875
0.3397216796875
0.28399658203125
-0.2276611328125
-0.00054931640625
-0.4530029296875
0.74591064453125
-0.310791015625
-0.6419677734375
-0.25408935546875
-0.59075927734375
-0.2056884765625
-0.334228515625
-0.18414306640625
0.8997802734375
-0.47918701171875
-0.88671875
-0.3238525390625
-0.7344970703125
-1.33294677734375
0.15118408203125
-0.3118896484375
-0.5531005859375
-0.59661865234375
0.2352294921875
-0.15240478515625
0.72467041015625
-0.30694580078125
-0.38726806640625
-0.81280517578125
-0.42877197265625
0.09832763671875
-0.6041259765625
-0.402099609375
0.70147705078125
0.7718505859375
-0.96014404296875
0.01861572265625
-0.2491455078125
-0.83489990234375
-0.0516357421875
-0.02520751953125
0.078369140625
0.2288818359375
-0.53753662109375
0.6904296875
-0.351318359375
-0.68115234375
0.103759765625
0.6341552734375
-0.53033447265625
0.42169189453125
-0.1842041015625
-0.234619140625
-0.05645751953125
-0.6925048828125
-0.3616943359375
-0.2821044921875
-0.2181396484375
0.57275390625
0.522216796875
-0.0205078125
-1.2073974609375
-1.09442138671875
-0.47845458984375
0.25128173828125
-0.64642333984375
0.55523681640625
-0.4552001953125
-0.12738037109375
-0.20526123046875
-0.3719482421875
-0.3414306640625
-0.61962890625
-0.27105712890625
-0.37664794921875
-0.02630615234375
0.1380615234375
-0.4669189453125
-0.08673095703125
-0.27252197265625
-0.66357421875
-0.4327392578125
-0.072265625
0.216796875
-0.37164306640625
0.49932861328125
0.1668701171875
-0.095458984375
-0.526611328125
0.03204345703125
-0.08978271484375
0.010009765625
0.4263916015625
-0.73309326171875
-0.449462890625
-1.19793701171875
0.51947021484375
0.31829833984375
0.31640625
-0.70697021484375
-0.3592529296875
0.298828125
0.0078125
0.0050048828125
-0.32843017578125
-0.71881103515625
0.0457763671875
-0.03594970703125
-0.08709716796875
-0.544677734375
-0.04632568359375
-0.58306884765625
0.05535888671875
0.188720703125
0.321044921875
-0.0386962890625
-0.32647705078125
-0.221923828125
-0.349365234375
-0.0059814453125
0.27032470703125
-0.3134765625
-0.60369873046875
0.44720458984375
0.380859375
-0.31280517578125
0.1041259765625
-0.41314697265625
-0.2933349609375
-0.580322265625
0.147705078125
-0.81719970703125
0.4287109375
0.29095458984375
-0.2425537109375
-0.39727783203125
0.55267333984375
-0.214599609375
-0.798095703125
-0.19537353515625
0.0252685546875
-0.7261962890625
0.06744384765625
-0.355712890625
0.1240234375
0.3961181640625
0.143310546875
0.13385009765625
-0.23883056640625
0.30657958984375
0.1295166015625
-0.569580078125
-0.79071044921875
0.09912109375
0.39337158203125
0.8067626953125
-0.236572265625
-0.8480224609375
0.11138916015625
-0.3555908203125
-0.67681884765625
-0.23895263671875
-0.53558349609375
0.5218505859375
-0.94244384765625
-1.02471923828125
0.7088623046875
0.09735107421875
-0.29345703125
0.42620849609375
-0.70880126953125
-0.50494384765625
-0.603759765625
-0.7420654296875
0.71826171875
1.2222900390625
0.197998046875
-0.7578125
-0.2127685546875
0.61468505859375
0.337890625
-0.1142578125
-0.55841064453125
-0.58233642578125
1.3623046875
1.65985107421875
-0.15924072265625
0.242431640625
-0.36798095703125
-1.35791015625
1.00213623046875
-0.33819580078125
-0.45965576171875
-0.35247802734375
-0.56768798828125
0.376708984375
0.26593017578125
-0.2850341796875
-0.76556396484375
0.0545654296875
-0.7412109375
-0.09259033203125
0.82830810546875
-1.0286865234375
-0.51556396484375
-0.65081787109375
0.75897216796875
0.27130126953125
0.27569580078125
0.09796142578125
-0.1251220703125
-0.2412109375
-0.358642578125
0.361328125
-0.50506591796875
-0.30767822265625
-0.26641845703125
-0.55889892578125
1.05596923828125
0.34857177734375
-0.92279052734375
-0.3963623046875
-0.2967529296875
-0.1295166015625
-0.21600341796875
0.1171875
0.43585205078125
0.9737548828125
0.4410400390625
-0.72833251953125
0.047119140625
-0.83843994140625
0.0242919921875
-0.3330078125
-0.7041015625
0.35589599609375
0.1478271484375
0.3328857421875
-0.34271240234375
0.2073974609375
-0.68359375
-0.1976318359375
-0.46624755859375
-0.58843994140625
-0.08062744140625
-0.23406982421875
0.0753173828125
-0.72625732421875
-0.55218505859375
-0.1444091796875
-0.1846923828125
0.29962158203125
-0.64501953125
-0.606201171875
-0.4119873046875
0.4014892578125
0.03656005859375
-0.51617431640625
0.0574951171875
-0.07574462890625
-0.12017822265625
-0.033935546875
0.359375
0.06829833984375
-0.42486572265625
0.26251220703125
0.0089111328125
-0.2247314453125
-0.14849853515625
-0.55426025390625
0.16802978515625
1.172119140625
0.144287109375
-0.5369873046875
-0.28350830078125
0.1488037109375
1.04071044921875
-0.43316650390625
0.48065185546875
-0.044189453125
0.04718017578125
0.11199951171875
0.30072021484375
-0.13763427734375
-0.53570556640625
0.4188232421875
-0.2322998046875
0.5634765625
-0.55694580078125
0.02813720703125
0.05096435546875
-0.57110595703125
-0.24237060546875
-0.4761962890625
-0.07183837890625
-0.5421142578125
-0.4571533203125
-0.19146728515625
-0.03759765625
-0.3251953125
0.4981689453125
-0.23187255859375
-0.9466552734375
0.459228515625
-0.2977294921875
0.34130859375
-0.12152099609375
0.42578125
-0.3988037109375
-0.5875244140625
-0.70526123046875
0.7373046875
0.3179931640625
-0.12139892578125
0.0294189453125
-0.1951904296875
-0.13287353515625
0.18499755859375
-0.650390625
0.29595947265625
-0.89703369140625
0.515625
-0.6021728515625
-0.4586181640625
-0.62628173828125
-0.2047119140625
-0.2254638671875
0.1163330078125
-0.07293701171875
0.5557861328125
-0.281982421875
-0.78558349609375
0.34564208984375
-0.43145751953125
0.15008544921875
0.3907470703125
1.3482666015625
0.4566650390625
-0.8046875
-0.53900146484375
-0.4803466796875
0.47509765625
-0.27313232421875
0.044921875
-0.46099853515625
-0.03814697265625
-0.37298583984375
0.18603515625
0.67169189453125
-0.42694091796875
-0.2637939453125
-0.2174072265625
0.258056640625
1.0108642578125
0.22271728515625
-0.2987060546875
-0.916015625
-0.750732421875
0.01422119140625
0.4569091796875
0.13800048828125
-0.14129638671875
-1.32257080078125
0.8707275390625
1.1612548828125
0.12054443359375
-0.8743896484375
-0.256591796875
1.59912109375
-0.072021484375
-0.471923828125
-0.57672119140625
-0.63397216796875
0.19378662109375
0.53271484375
-1.160400390625
0.0126953125
-0.0828857421875
-0.44427490234375
0.5892333984375
0.14093017578125
-0.6702880859375
0.61273193359375
-0.3485107421875
-0.69189453125
0.0323486328125
-0.1690673828125
0.28558349609375
0.01971435546875
-0.64898681640625
0.6219482421875
0.2706298828125
0.532470703125
-0.406494140625
-0.41156005859375
-0.056884765625
0.0478515625
-0.312255859375
-0.87066650390625
-0.69488525390625
-0.0947265625
0.43951416015625
0.7200927734375
-0.93951416015625
-0.20428466796875
-0.28277587890625
-0.03863525390625
0.51568603515625
-0.49609375
-0.74993896484375
-0.41619873046875
0.56646728515625
-0.53839111328125
-0.15228271484375
-0.3231201171875
0.0318603515625
-0.18603515625
-0.94427490234375
-0.7708740234375
-0.44329833984375
-0.2232666015625
0.37847900390625
0.01336669921875
-0.4930419921875
-0.20892333984375
-0.3336181640625
-0.09893798828125
-0.6824951171875
0.2779541015625
-0.2645263671875
0.1827392578125
0.9632568359375
0.14410400390625
-0.1326904296875
-0.20379638671875
0.333984375
-0.2470703125
-0.19769287109375
0.09112548828125
-0.31414794921875
-0.01824951171875
-0.9351806640625
-0.5675048828125
-0.1456298828125
0.20013427734375
-0.48046875
0.29150390625
-0.18487548828125
0.31134033203125
-0.13037109375
-0.05609130859375
0.13232421875
0.10955810546875
0.64239501953125
-0.28076171875
0.71197509765625
-0.523193359375
-0.662841796875
0.59246826171875
-0.0482177734375
0.1456298828125
0.475830078125
0.19146728515625
-0.5472412109375
-0.78729248046875
-0.1697998046875
-0.18292236328125
0.4886474609375
-0.0888671875
0.09698486328125
0.318603515625
-0.78021240234375
-0.2354736328125
0.26849365234375
0.05511474609375
-0.4002685546875
-0.31207275390625
-0.24169921875
-0.52435302734375
0.18634033203125
-0.4315185546875
-0.7291259765625
-0.35430908203125
-0.37066650390625
0.034912109375
0.41595458984375
0.1849365234375
0.0733642578125
-0.6871337890625
0.23626708984375
0.11614990234375
0.02606201171875
-0.0595703125
0.08721923828125
0.0245361328125
0.2353515625
-1.01617431640625
-0.13568115234375
0.398193359375
0.08013916015625
-0.29595947265625
0.5750732421875
0.44921875
-0.14215087890625
-0.53863525390625
-0.85595703125
-0.3720703125
-0.47308349609375
-0.63031005859375
0.50579833984375
-1.73101806640625
-0.463623046875
0.29913330078125
-0.67041015625
0.174072265625
0.26806640625
-0.179931640625
-0.55560302734375
-0.67449951171875
-1.06494140625
0.13970947265625
-0.21905517578125
-0.00018310546875
-0.00091552734375
-0.55914306640625
0.13031005859375
-0.505126953125
-1.17041015625
-0.3194580078125
-0.15130615234375
0.96014404296875
-0.3740234375
-0.392822265625
0.96221923828125
-1.22222900390625
0.15875244140625
1.1976318359375
-0.215576171875
-1.56097412109375
0.06884765625
0.6363525390625
-0.045654296875
0.13006591796875
0.8389892578125
-0.22967529296875
0.56982421875
0.077880859375
-0.33392333984375
-0.6802978515625
-0.05908203125
-0.6173095703125
-0.0579833984375
0.22198486328125
0.392822265625
0.744384765625
-0.280029296875
-0.06317138671875
-0.55908203125
0.05853271484375
0.3360595703125
0.3587646484375
-1.103759765625
-0.323486328125
-0.243896484375
0.7183837890625
-0.46539306640625
-0.6436767578125
0.42034912109375
-0.02947998046875
-0.65240478515625
-0.16412353515625
-0.70697021484375
-0.48602294921875
0.404296875
-0.9471435546875
0.23089599609375
-0.2677001953125
-0.63140869140625
-0.182373046875
0.375
-1.0445556640625
0.47119140625
0.54888916015625
0.02825927734375
0.443359375
0.0882568359375
0.12347412109375
-0.23712158203125
-0.7210693359375
0.3994140625
-0.40838623046875
-0.58428955078125
0.2457275390625
-0.34747314453125
-0.2540283203125
0.331787109375
-0.4837646484375
0.36639404296875
-0.49896240234375
0.4700927734375
0.47357177734375
-0.41656494140625
-0.10089111328125
0.14105224609375
-0.32958984375
-0.61676025390625
0.39898681640625
0.14532470703125
0.3582763671875
0.10858154296875
-0.76519775390625
0.013671875
0.15692138671875
-0.154296875
0.41851806640625
-0.5845947265625
-0.42034912109375
-0.61895751953125
0.43157958984375
-0.28759765625
0.335693359375
-0.33770751953125
0.5611572265625
-0.38201904296875
-0.494384765625
0.0101318359375
0.30877685546875
0.1246337890625
-0.05316162109375
-0.039306640625
-0.8775634765625
-0.7681884765625
-0.05694580078125
0.19140625
-0.2489013671875
0.86614990234375
-0.5704345703125
-0.3963623046875
-0.54638671875
0.236328125
-0.10101318359375
-0.33551025390625
-0.171875
-0.4947509765625
0.03662109375
-0.01416015625
0.30340576171875
0.52410888671875
-0.33941650390625
-0.47442626953125
-0.572998046875
0.06951904296875
-0.1732177734375
-0.437255859375
-0.3555908203125
0.05364990234375
-0.105712890625
0.27752685546875
-0.10015869140625
0.03985595703125
0.17645263671875
-0.5391845703125
0.5682373046875
0.12872314453125
0.05364990234375
-0.5274658203125
-0.0938720703125
0.4342041015625
-0.60845947265625
-0.096435546875
-0.1497802734375
-0.78912353515625
-0.843505859375
-0.65472412109375
-0.04266357421875
0.49652099609375
0.681640625
0.027587890625
-0.8131103515625
-0.20574951171875
-0.52203369140625
-0.3424072265625
0.3675537109375
0.19500732421875
0.22210693359375
0.34906005859375
-0.5126953125
0.2431640625
0.46978759765625
0.210693359375
0.8310546875
-1.2939453125
-0.41021728515625
-0.27142333984375
-0.013427734375
0.6639404296875
0.94366455078125
-0.6954345703125
-0.81591796875
0.37762451171875
-0.23736572265625
0.44110107421875
0.351806640625
-1.83502197265625
-0.60992431640625
-0.21405029296875
-0.141845703125
0.1512451171875
-1.78125
-1.1094970703125
0.585205078125
-0.58111572265625
-0.8363037109375
-0.794921875
-0.73516845703125
0.4501953125
0.87481689453125
-0.82427978515625
0.534912109375
-0.48590087890625
0.7760009765625
0.70654296875
-1.05712890625
-1.31292724609375
-1.197998046875
-0.2906494140625
-0.46240234375
-0.40643310546875
0.380859375
-0.4136962890625
-0.43865966796875
-1.19183349609375
0.18609619140625
-0.01080322265625
-0.0816650390625
-0.3448486328125
-0.1163330078125
-0.0059814453125
0.8095703125
0.559326171875
0.12579345703125
0.02386474609375
-0.762939453125
0.3931884765625
-0.06402587890625
-0.4930419921875
-0.14849853515625
0.1214599609375
0.02459716796875
0.29205322265625
-0.04296875
-0.246826171875
-0.37109375
-0.77313232421875
0.68426513671875
0.39752197265625
-0.021240234375
0.139892578125
0.01715087890625
0.10614013671875
-0.1619873046875
-0.26312255859375
0.23028564453125
-0.419921875
-0.25079345703125
-0.3829345703125
0.98162841796875
-0.71630859375
-0.396240234375
-0.14068603515625
-0.47357177734375
1.0245361328125
-0.113037109375
-0.21063232421875
0.12042236328125
0.48626708984375
0.00836181640625
0.12518310546875
-0.8504638671875
0.6561279296875
0.2098388671875
-0.3037109375
-0.1009521484375
-0.4974365234375
-0.22802734375
0.02392578125
-0.35186767578125
0.341796875
-0.30670166015625
-0.3543701171875
0.00836181640625
-0.9439697265625
-0.4031982421875
-0.30780029296875
-0.01141357421875
-0.423583984375
0.14715576171875
0.02288818359375
-0.707275390625
-0.84881591796875
-0.24365234375
-0.34698486328125
-1.2294921875
-0.2381591796875
-0.12451171875
-0.39971923828125
-0.06085205078125
-0.195068359375
0.09942626953125
-0.3726806640625
0.2265625
-0.67822265625
-0.0709228515625
-0.612548828125
-0.03118896484375
0.965087890625
-0.2596435546875
-0.0548095703125
0.10064697265625
-0.6805419921875
-0.57666015625
-0.4521484375
-0.53826904296875
-0.23687744140625
0.92889404296875
-0.00433349609375
-1.16156005859375
-0.36578369140625
-0.02947998046875
-0.3804931640625
0.85858154296875
-0.85467529296875
-0.40875244140625
-0.14263916015625
-0.50396728515625
0.47650146484375
0.15911865234375
0.14373779296875
-0.584716796875
-0.05615234375
0.15869140625
-0.31353759765625
0.0753173828125
0.09326171875
0.11859130859375
-0.412109375
-0.3494873046875
0.5328369140625
-0.1263427734375
-0.6278076171875
0.703857421875
-0.1051025390625
-0.77130126953125
-0.41595458984375
-0.31353759765625
0.1014404296875
0.23956298828125
0.14190673828125
0.064453125
-1.46282958984375
-0.88043212890625
-0.0289306640625
-0.07830810546875
0.65478515625
-0.0126953125
-0.37335205078125
-1.00909423828125
-0.51165771484375
-0.38116455078125
0.77825927734375
0.1639404296875
-0.56512451171875
-0.307373046875
0.5501708984375
-0.07354736328125
-1.12152099609375
0.388916015625
-0.49310302734375
0.806640625
-0.28521728515625
-0.58123779296875
-0.00146484375
-1.45989990234375
-0.49322509765625
0.45526123046875
-0.2952880859375
0.44482421875
0.21282958984375
-0.80438232421875
-0.1793212890625
0.2230224609375
-0.23297119140625
0.784423828125
1.20135498046875
-0.63653564453125
-0.80584716796875
-0.77655029296875
0.1051025390625
-0.7037353515625
-0.5286865234375
0.26129150390625
0.47998046875
0.169189453125
-0.81622314453125
-0.459716796875
-0.18798828125
-0.36328125
0.740966796875
-0.45501708984375
-0.466552734375
0.2508544921875
-0.85589599609375
1.16693115234375
0.1053466796875
-0.5751953125
0.40435791015625
-0.3001708984375
0.60687255859375
-0.43408203125
-1.15924072265625
-0.033203125
-0.0489501953125
0.46356201171875
-0.9046630859375
0.16241455078125
-0.25299072265625
0.7166748046875
0.018798828125
-0.2696533203125
-0.3291015625
-0.48822021484375
0.0819091796875
0.67279052734375
0.24420166015625
0.83441162109375
0.0560302734375
0.42041015625
-0.274169921875
-0.09991455078125
-0.1551513671875
0.4921875
0.60260009765625
-1.170166015625
-0.35784912109375
-0.935546875
-0.614501953125
-0.39080810546875
-0.22723388671875
-0.01507568359375
-0.4078369140625
-0.31671142578125
-0.22589111328125
-0.03582763671875
-0.1744384765625
-0.482177734375
-0.75177001953125
0.76025390625
0.55712890625
-1.459716796875
-0.187255859375
0.043701171875
0.55877685546875
0.21575927734375
0.55474853515625
-0.316162109375
-0.7674560546875
0.343994140625
-0.013671875
-0.11932373046875
-0.056640625
-0.25421142578125
-0.26080322265625
-0.79351806640625
-0.3963623046875
-1.49603271484375
-0.11383056640625
-0.26629638671875
-0.14385986328125
0.1207275390625
0.21368408203125
-0.22271728515625
0.2286376953125
0.10955810546875
-0.01202392578125
-0.14794921875
-0.33154296875
-0.53070068359375
0.4830322265625
0.4112548828125
0.6690673828125
-0.614501953125
-0.20941162109375
-0.00872802734375
-0.8348388671875
-0.2623291015625
-0.6781005859375
-0.0374755859375
-0.1602783203125
-0.218017578125
0.45721435546875
0.423095703125
-0.3555908203125
0.212646484375
0.02215576171875
0.8702392578125
-0.20428466796875
-0.4971923828125
-0.30975341796875
0.23370361328125
-0.44207763671875
-0.217529296875
-0.567138671875
-0.28076171875
0.08447265625
-0.00079345703125
0.25323486328125
-0.30950927734375
-1.18853759765625
0.09478759765625
0.48565673828125
-0.25634765625
0.324951171875
0.66412353515625
-0.16644287109375
-0.0771484375
0.56048583984375
-0.5340576171875
-0.42633056640625
-0.167236328125
0.3839111328125
-0.9783935546875
-0.63671875
-0.61016845703125
-0.3282470703125
-0.4384765625
0.17706298828125
1.08404541015625
-0.4296875
-0.03009033203125
-0.2889404296875
-0.46405029296875
-0.280517578125
0.40557861328125
-0.22991943359375
-0.8197021484375
-0.5487060546875
0.1881103515625
-0.2105712890625
-0.55621337890625
-0.29083251953125
-0.75762939453125
-0.30096435546875
0.44158935546875
0.27392578125
0.2381591796875
-0.6220703125
-1.19256591796875
0.95941162109375
-0.5675048828125
-0.80499267578125
-0.461181640625
0.19061279296875
0.83599853515625
0.122314453125
0.05682373046875
-0.330322265625
0.5048828125
-0.1207275390625
-0.45440673828125
0.47674560546875
-1.13714599609375
-0.37664794921875
0.15399169921875
0.00067138671875
0.597900390625
-0.171630859375
-0.61578369140625
-0.24627685546875
-0.73248291015625
0.0250244140625
-0.0938720703125
0.1845703125
0.0137939453125
-0.64068603515625
-0.46661376953125
-0.047607421875
0.36907958984375
-1.1314697265625
0.39324951171875
0.12078857421875
-0.44573974609375
-0.3529052734375
-0.521728515625
-0.37054443359375
0.71484375
0.19403076171875
0.51959228515625
-0.1495361328125
-0.3048095703125
0.17791748046875
-0.4705810546875
-0.71124267578125
0.1240234375
-0.6181640625
-0.34228515625
0.19818115234375
0.35540771484375
0.0072021484375
0.01141357421875
-0.50994873046875
-0.32647705078125
-0.8309326171875
0.3656005859375
-0.27667236328125
0.2431640625
-0.16912841796875
-0.42034912109375
0.0311279296875
-0.03662109375
-0.974853515625
-0.4232177734375
-0.2513427734375
0.36798095703125
0.07305908203125
-0.12640380859375
0.07110595703125
-0.2803955078125
-0.76934814453125
0.00616455078125
0.268310546875
0.0667724609375
-0.27264404296875
-0.03033447265625
-0.82427978515625
-0.0850830078125
-0.38232421875
-0.33575439453125
-0.58514404296875
-0.26153564453125
-0.111572265625
-0.1865234375
-0.00396728515625
-0.25335693359375
-0.3170166015625
-0.17742919921875
-0.271728515625
0.11822509765625
0.37384033203125
0.29718017578125
-0.094970703125
-0.1292724609375
0.35760498046875
0.32513427734375
0.60308837890625
0.06304931640625
0.8575439453125
-0.46282958984375
0.39605712890625
0.0321044921875
-0.2857666015625
0.23309326171875
0.3702392578125
0.41778564453125
-0.50341796875
0.468994140625
0.09906005859375
-0.12359619140625
-0.0992431640625
-0.11016845703125
-0.66571044921875
-0.09423828125
-0.48516845703125
0.182861328125
-0.268798828125
0.607666015625
-0.59197998046875
-0.36224365234375
-0.06842041015625
0.231689453125
0.10382080078125
0.13165283203125
-1.1246337890625
-0.62060546875
0.04791259765625
-0.744140625
-0.035400390625
-0.27984619140625
-0.401611328125
-0.13623046875
-0.30029296875
-0.5338134765625
-0.0513916015625
0.2064208984375
-0.95513916015625
-0.0086669921875
0.33160400390625
0.12078857421875
-0.1175537109375
-0.3221435546875
-0.44549560546875
-0.54449462890625
0.11602783203125
0.513916015625
0.0496826171875
-0.58837890625
-1.61846923828125
-0.031494140625
-0.34442138671875
0.61260986328125
0.13995361328125
-0.20599365234375
-0.3804931640625
-0.5711669921875
-0.944091796875
-0.55670166015625
-0.63018798828125
0.53887939453125
0.10723876953125
0.076171875
-0.1102294921875
-0.369140625
0.0869140625
-0.8621826171875
-1.201904296875
0.281005859375
0.72235107421875
-0.2239990234375
1.3779296875
-0.5006103515625
-1.61285400390625
-0.09417724609375
-0.43536376953125
-0.8294677734375
-0.36724853515625
0.149169921875
0.54193115234375
0.33099365234375
-0.05279541015625
-0.09759521484375
0.00848388671875
0.009765625
0.12921142578125
0.38421630859375
-0.272705078125
-0.60296630859375
-0.04083251953125
-0.634033203125
-0.40765380859375
0.27252197265625
-0.69561767578125
-1.4212646484375
-0.20947265625
-0.52294921875
-0.03338623046875
-0.4254150390625
0.40997314453125
-0.09124755859375
-0.43719482421875
0.5235595703125
0.529296875
-0.65899658203125
-0.2357177734375
-0.088623046875
-0.9609375
-0.79168701171875
-1.1861572265625
-0.5213623046875
0.15789794921875
0.6309814453125
1.029541015625
0.05950927734375
-0.947998046875
0.10540771484375
-0.2777099609375
0.27783203125
0.48370361328125
-0.27099609375
0.29168701171875
0.049560546875
-0.1417236328125
-0.33984375
-0.968505859375
-0.78619384765625
0.0028076171875
-0.1590576171875
0.17840576171875
-0.04913330078125
-0.3001708984375
-0.95611572265625
-0.30548095703125
-0.93328857421875
-0.1075439453125
-0.5968017578125
0.26446533203125
0.42254638671875
-0.09130859375
-0.4205322265625
-0.8814697265625
0.3427734375
-0.23284912109375
0.40869140625
-0.6116943359375
-0.19049072265625
-0.39013671875
-0.005859375
-0.498291015625
-0.01348876953125
-0.01373291015625
-0.09075927734375
-0.49713134765625
0.7225341796875
0.22894287109375
0.07147216796875
-0.268310546875
-0.58062744140625
0.06488037109375
0.05755615234375
-0.12939453125
-0.2940673828125
0.114990234375
-0.14556884765625
-0.03363037109375
-0.2421875
0.088623046875
-0.2315673828125
0.21282958984375
-0.5634765625
-0.30712890625
-0.3568115234375
-0.4244384765625
-0.67120361328125
-1.09722900390625
0.0260009765625
-0.25177001953125
0.1451416015625
-0.1719970703125
0.27301025390625
-0.0545654296875
-0.1923828125
0.19024658203125
-0.1112060546875
-0.32415771484375
0.07965087890625
0.13214111328125
0.29205322265625
0.38250732421875
0.0029296875
-0.35150146484375
0.08160400390625
-0.37054443359375
-0.19244384765625
-0.02606201171875
0.18353271484375
-0.14471435546875
-0.46600341796875
-0.2147216796875
-0.12506103515625
-0.35455322265625
0.09161376953125
-0.1240234375
0.0302734375
-0.1339111328125
-0.5516357421875
-0.6937255859375
0.20941162109375
-0.024169921875
-0.46197509765625
-0.0335693359375
-0.353515625
0.6778564453125
0.24847412109375
-0.4080810546875
0.0018310546875
-0.23358154296875
0.7196044921875
0.47869873046875
0.51214599609375
0.526611328125
-0.23406982421875
-0.009521484375
-0.39898681640625
-0.22601318359375
0.50823974609375
1.05255126953125
-0.76416015625
-0.10614013671875
-0.8665771484375
0.025634765625
-0.12548828125
0.19561767578125
0.25335693359375
-0.11212158203125
0.18255615234375
0.346923828125
-0.12506103515625
-0.4925537109375
-0.82965087890625
0.48516845703125
0.90399169921875
0.5234375
-0.9498291015625
-0.03948974609375
-0.63372802734375
0.3818359375
-0.30224609375
-0.281982421875
-0.5595703125
1.4697265625
0.16986083984375
-1.17376708984375
0.1822509765625
-0.63189697265625
0.26763916015625
-0.36224365234375
-0.1168212890625
-0.45538330078125
-0.14215087890625
-1.08642578125
-0.66583251953125
0.75054931640625
-0.66351318359375
0.91143798828125
1.9759521484375
-0.81396484375
-1.250732421875
0.58892822265625
-0.79638671875
0.92816162109375
0.24774169921875
-1.98822021484375
0.87261962890625
0.4632568359375
0.9512939453125
0.0787353515625
-1.2611083984375
-0.73553466796875
0.52813720703125
-0.12042236328125
0.41815185546875
-0.40411376953125
0.3551025390625
-0.32708740234375
0.16973876953125
0.65960693359375
0.22735595703125
-0.86395263671875
0.0526123046875
-0.09869384765625
0.1160888671875
-0.25909423828125
-0.5794677734375
-0.0849609375
0.03289794921875
-0.55535888671875
0.54010009765625
-0.1055908203125
-0.41192626953125
-0.04449462890625
-0.009521484375
0.57342529296875
0.46319580078125
-0.3558349609375
-0.92547607421875
-0.7652587890625
-0.2886962890625
-0.00567626953125
-0.43853759765625
-0.52447509765625
-0.01910400390625
-0.22943115234375
-0.70501708984375
0.05810546875
-0.28424072265625
-0.6842041015625
-0.6798095703125
-0.19354248046875
0.41973876953125
-0.2742919921875
-0.55535888671875
0.8885498046875
0.41668701171875
-0.91229248046875
0.27587890625
-0.72918701171875
-0.02911376953125
-0.00421142578125
-0.32550048828125
-0.1444091796875
-0.19976806640625
0.16650390625
-0.47589111328125
-0.43096923828125
-0.64349365234375
0.28192138671875
-0.85870361328125
-0.10797119140625
0.0123291015625
0.07318115234375
0.2054443359375
0.2464599609375
-0.511474609375
-0.09832763671875
-0.04327392578125
-0.12689208984375
-0.49169921875
0.013427734375
-0.32373046875
-0.65240478515625
0.0943603515625
-0.9554443359375
-0.23126220703125
-0.00640869140625
-0.1939697265625
0.431884765625
-0.26806640625
-0.69952392578125
-0.64691162109375
-0.1124267578125
0.33270263671875
0.43853759765625
-0.1536865234375
-0.82879638671875
-0.2427978515625
0.02532958984375
-0.1607666015625
-0.9788818359375
-0.87493896484375
0.2713623046875
-0.6973876953125
0.24090576171875
-0.14532470703125
-0.458984375
0.33642578125
0.4356689453125
-0.22430419921875
-0.15655517578125
-0.8602294921875
0.18621826171875
-0.5068359375
-0.49188232421875
0.049560546875
0.1759033203125
-0.2744140625
-0.72125244140625
0.2957763671875
-0.02337646484375
-0.37054443359375
-0.18670654296875
0.015869140625
1.0623779296875
0.062744140625
-0.69195556640625
-1.4835205078125
-0.654541015625
0.60980224609375
0.75848388671875
0.14593505859375
0.47344970703125
-0.60260009765625
-0.2919921875
-0.307861328125
-0.25164794921875
0.53375244140625
0.60418701171875
-0.039794921875
-0.20513916015625
0.885498046875
-0.197265625
-1.5733642578125
0.51861572265625
-0.8134765625
-0.57159423828125
1.3931884765625
0.1572265625
-1.104736328125
-0.4649658203125
-0.11968994140625
0.5142822265625
-0.18829345703125
-1.05902099609375
-0.83251953125
0.47259521484375
0.83795166015625
-0.18939208984375
-0.45172119140625
0.10797119140625
-0.06048583984375
-0.1239013671875
0.3150634765625
0.5694580078125
-0.11669921875
-0.6353759765625
-0.97943115234375
1.24041748046875
-0.2852783203125
0.04058837890625
0.03277587890625
-0.5711669921875
-0.20648193359375
0.34649658203125
0.7125244140625
0.288818359375
-1.1011962890625
-0.4251708984375
0.43121337890625
0.03765869140625
-0.0118408203125
-0.4365234375
-0.64971923828125
-0.064208984375
0.23291015625
0.103515625
-0.4619140625
0.12762451171875
-0.0107421875
0.438232421875
0.665283203125
-0.226318359375
-0.401123046875
-0.43914794921875
0.05401611328125
0.53369140625
0.42529296875
-0.7125244140625
0.08154296875
0.03350830078125
0.33941650390625
-0.2611083984375
-0.0894775390625
-0.4837646484375
-0.16033935546875
-0.16790771484375
0.437255859375
-0.4520263671875
-0.18487548828125
-0.251953125
0.2191162109375
0.21453857421875
-0.05352783203125
-0.242431640625
-0.53570556640625
0.3319091796875
-0.157958984375
-0.00830078125
-0.26824951171875
-0.6268310546875
-0.52978515625
0.3443603515625
0.2440185546875
-0.0462646484375
-0.3818359375
-0.174072265625
0.056884765625
0.03338623046875
-0.7471923828125
-0.05230712890625
0.22821044921875
0.034912109375
-0.35125732421875
-0.296142578125
0.140869140625
-0.04779052734375
0.1571044921875
-0.1500244140625
-0.11724853515625
-0.0377197265625
-0.0616455078125
0.0938720703125
-0.284912109375
-0.0113525390625
-0.80023193359375
-0.29998779296875
0.69866943359375
0.18768310546875
-0.4427490234375
0.3624267578125
-0.45947265625
-0.0516357421875
0.11077880859375
-0.2333984375
0.030029296875
-0.10101318359375
0.460205078125
-0.08905029296875
-0.71636962890625
-0.04693603515625
0.130859375
0.5736083984375
-0.37335205078125
-0.55621337890625
-0.27008056640625
-0.37591552734375
-0.605224609375
0.19439697265625
-0.06781005859375
-0.19110107421875
-0.05511474609375
0.06988525390625
-0.26458740234375
-0.531494140625
-0.213134765625
-0.231201171875
-0.5015869140625
0.1470947265625
-0.31683349609375
0.16748046875
-0.36187744140625
-0.1319580078125
0.1141357421875
-0.2921142578125
0.06280517578125
0.144775390625
-1.0181884765625
-0.497802734375
0.461669921875
-0.39990234375
0.45361328125
0.00164794921875
-0.472900390625
-0.49560546875
0.2952880859375
0.539306640625
-0.12823486328125
0.480224609375
-0.59521484375
-1.47039794921875
-0.42608642578125
-0.19256591796875
-0.8350830078125
0.106689453125
-0.528564453125
0.105712890625
-0.4569091796875
-0.63720703125
0.01641845703125
0.47344970703125
-0.2049560546875
0.08734130859375
0.426513671875
0.765625
-0.07049560546875
-0.4874267578125
-0.67144775390625
-0.8294677734375
0.41033935546875
0.28863525390625
-0.25714111328125
1.37225341796875
-0.94732666015625
-0.5948486328125
0.57989501953125
-0.6556396484375
-0.9326171875
0.1422119140625
1.20477294921875
0.574951171875
-0.59375
-0.37286376953125
0.4334716796875
0.460693359375
-0.03546142578125
-0.5350341796875
-0.251220703125
0.19000244140625
-0.41278076171875
-0.6883544921875
-0.13775634765625
0.3895263671875
-0.11187744140625
-0.18438720703125
-0.6148681640625
-0.51220703125
-0.5860595703125
0.8280029296875
-0.416259765625
-0.45654296875
-0.27496337890625
-0.23138427734375
1.1593017578125
0.1649169921875
-0.2640380859375
-0.22625732421875
-0.04779052734375
-0.3642578125
0.43707275390625
-0.4874267578125
-0.594482421875
0.032470703125
-0.32940673828125
0.03497314453125
-0.30230712890625
-0.81951904296875
0.0360107421875
0.2716064453125
0.205810546875
0.06109619140625
-0.2440185546875
-0.44000244140625
0.120849609375
0.4000244140625
-0.12994384765625
-0.1583251953125
-0.6578369140625
0.1202392578125
-0.542724609375
0.30828857421875
0.53216552734375
-0.47784423828125
-0.15557861328125
0.943359375
-0.43109130859375
0.579345703125
-0.46221923828125
-0.49041748046875
-0.10101318359375
0.99005126953125
0.1463623046875
0.24664306640625
-0.27191162109375
0.071533203125
0.8148193359375
-0.2823486328125
-0.431396484375
-0.1683349609375
0.0465087890625
0.02001953125
0.44354248046875
-0.45867919921875
-0.97552490234375
0.00933837890625
-0.29669189453125
-0.42236328125
0.1627197265625
-0.46148681640625
-0.4742431640625
0.09930419921875
-0.00360107421875
-0.847900390625
-0.13238525390625
0.03875732421875
0.1016845703125
-0.01947021484375
-0.325439453125
-0.3807373046875
0.18414306640625
-0.01739501953125
0.26483154296875
0.151611328125
-1.05670166015625
-0.55133056640625
-0.754638671875
-0.36688232421875
-0.3709716796875
-0.49017333984375
-0.55059814453125
0.25885009765625
-0.498046875
-0.34454345703125
-0.569091796875
-0.5689697265625
-0.1854248046875
-0.275634765625
-0.01519775390625
-0.37884521484375
-0.222900390625
-0.84429931640625
0.06756591796875
-0.42889404296875
-0.2232666015625
-0.564697265625
-0.18682861328125
-0.22119140625
0.57940673828125
-0.05633544921875
-0.0543212890625
-0.07891845703125
0.4202880859375
0.20892333984375
1.216796875
0.573974609375
-0.05877685546875
-0.29888916015625
0.23126220703125
0.0345458984375
0.02239990234375
-0.6883544921875
0.195068359375
-0.1114501953125
0.13739013671875
0.80572509765625
-0.0107421875
-0.63311767578125
-0.40118408203125
-0.329345703125
-0.2864990234375
-0.20379638671875
-0.0955810546875
-0.31866455078125
-0.65960693359375
-0.6690673828125
-0.3056640625
0.26861572265625
0.51690673828125
0.20751953125
-0.518310546875
-1.34814453125
-1.078125
-0.85052490234375
0.00823974609375
0.913818359375
0.09075927734375
-1.0635986328125
-0.2388916015625
0.41351318359375
-0.18328857421875
-0.34320068359375
-0.2867431640625
0.1048583984375
0.40289306640625
0.18988037109375
-0.0994873046875
0.6275634765625
-0.91448974609375
0.03656005859375
0.6427001953125
-1.29150390625
-0.19525146484375
1.07318115234375
-0.4549560546875
-0.282958984375
-0.08074951171875
-0.07489013671875
0.59130859375
0.37225341796875
-0.42425537109375
-0.81988525390625
0.298828125
-0.0875244140625
-1.1290283203125
-1.29144287109375
0.64324951171875
0.169189453125
0.30908203125
-0.66668701171875
-0.08612060546875
-0.3232421875
-0.9100341796875
0.386474609375
-0.23638916015625
-0.52288818359375
0.33123779296875
0.37353515625
0.50665283203125
0.93487548828125
-0.47802734375
-0.34735107421875
-0.2669677734375
0.64361572265625
0.26373291015625
-0.71875
-0.3568115234375
0.55810546875
0.2999267578125
0.02056884765625
0.4097900390625
-0.4442138671875
-0.18292236328125
-0.38568115234375
0.05487060546875
0.59320068359375
-0.16326904296875
-0.18408203125
0.147705078125
0.00103759765625
0.079833984375
-0.18511962890625
0.1070556640625
-1.08599853515625
0.0615234375
0.72735595703125
0.1951904296875
-0.0179443359375
-0.359619140625
0.50811767578125
-0.411865234375
0.48907470703125
-0.25811767578125
0.09930419921875
-0.06829833984375
-0.024658203125
-0.20904541015625
-0.02825927734375
-0.0247802734375
-0.21612548828125
0.032958984375
0.02362060546875
0.21197509765625
-0.55841064453125
0.08905029296875
-0.2763671875
-0.565185546875
-0.53155517578125
0.2685546875
-0.0897216796875
0.3555908203125
-0.5125732421875
-0.00177001953125
0.1268310546875
0.10955810546875
-0.03240966796875
-0.168701171875
0.68988037109375
-0.55010986328125
0.0885009765625
-0.13916015625
-0.7237548828125
-0.684326171875
-0.5513916015625
0.82763671875
0.682861328125
-0.64093017578125
-0.32110595703125
-0.32373046875
0.76910400390625
-0.15948486328125
0.03790283203125
-0.16143798828125
-0.7059326171875
-0.3094482421875
0.2947998046875
-0.01043701171875
0.43145751953125
0.03643798828125
-0.0167236328125
-0.399658203125
-0.24627685546875
-0.88568115234375
-0.07452392578125
-0.1607666015625
0.02728271484375
0.595947265625
-0.45648193359375
0.36468505859375
-0.248779296875
0.54290771484375
0.0478515625
-0.31365966796875
-0.050048828125
-0.1300048828125
0.0443115234375
0.61456298828125
-0.6292724609375
-0.00543212890625
0.7122802734375
0.3275146484375
0.1278076171875
0.14886474609375
0.0206298828125
-0.771484375
-0.37799072265625
-0.09808349609375
-0.13226318359375
-0.279296875
0.11279296875
-0.07025146484375
0.2696533203125
-0.6072998046875
-0.51226806640625
0.0240478515625
0.06463623046875
0.31219482421875
0.072998046875
-0.86431884765625
0.50201416015625
-0.4884033203125
-0.6522216796875
0.3082275390625
-0.5538330078125
-0.52301025390625
-0.212890625
-1.52752685546875
-0.52392578125
0.5443115234375
0.08953857421875
-0.3099365234375
-0.0985107421875
-0.08648681640625
0.00860595703125
-0.42266845703125
-0.7969970703125
-0.6370849609375
-0.40557861328125
-0.40985107421875
0.4632568359375
-0.13134765625
0.1904296875
-1.04693603515625
-0.20428466796875
0.7791748046875
-0.35662841796875
-0.18792724609375
0.2401123046875
0.3277587890625
-0.6470947265625
-0.537109375
0.28753662109375
0.1065673828125
0.25994873046875
0.02801513671875
-1.268310546875
0.7938232421875
-0.392822265625
-1.118408203125
-0.2535400390625
0.63525390625
0.4976806640625
-0.22064208984375
-0.70306396484375
-0.86407470703125
-0.0863037109375
-0.278564453125
-0.71124267578125
-0.135009765625
-0.267822265625
0.08221435546875
0.9425048828125
0.1656494140625
-0.3612060546875
-0.80584716796875
-0.24755859375
0.522705078125
0.09796142578125
0.062744140625
-0.2496337890625
-0.147705078125
0.6710205078125
-0.56170654296875
-0.45513916015625
0.51483154296875
-0.80340576171875
-0.27313232421875
-0.2576904296875
-0.18524169921875
0.09075927734375
0.20068359375
-0.14788818359375
-0.26611328125
-0.1632080078125
-0.167724609375
-0.74530029296875
-0.1005859375
-0.896484375
-0.24853515625
0.22833251953125
-0.44854736328125
-0.50384521484375
-0.4080810546875
0.17254638671875
-0.231201171875
-0.48675537109375
-0.0377197265625
0.42047119140625
-0.60357666015625
-0.04876708984375
-0.48089599609375
0.32269287109375
-0.66259765625
-0.025390625
-0.55438232421875
0.5081787109375
0.43939208984375
-0.00372314453125
-0.5811767578125
-0.3193359375
0.16900634765625
-0.6038818359375
-0.220458984375
0.21075439453125
-0.7764892578125
0.10711669921875
-0.22296142578125
-0.10650634765625
0.6904296875
0.32904052734375
0.2120361328125
-1.2371826171875
-0.63226318359375
-0.05194091796875
-0.05609130859375
0.2508544921875
-0.2962646484375
0.05926513671875
-0.39056396484375
-0.2706298828125
-0.24432373046875
0.34478759765625
0.1114501953125
-0.37677001953125
-0.17901611328125
-0.439697265625
-0.04986572265625
-0.72906494140625
-0.43206787109375
-0.84417724609375
-0.392822265625
0.61578369140625
0.49822998046875
-0.00762939453125
-1.07562255859375
-0.045654296875
0.78375244140625
0.44451904296875
0.4815673828125
-0.1837158203125
-0.41168212890625
-0.21807861328125
-0.62652587890625
-0.10992431640625
-0.2760009765625
0.57904052734375
0.081298828125
-0.334228515625
-0.0283203125
-0.47137451171875
-0.410888671875
-0.31927490234375
-0.0950927734375
0.416259765625
-0.561767578125
0.3409423828125
-0.305419921875
-0.284912109375
0.126708984375
-0.01708984375
-0.04541015625
-0.066162109375
-0.456787109375
-0.64019775390625
-0.06390380859375
-0.80499267578125
-0.06317138671875
0.2083740234375
-0.076904296875
0.25677490234375
-0.6400146484375
-0.57275390625
-0.2379150390625
0.05926513671875
0.34002685546875
0.54193115234375
-0.34930419921875
-0.61114501953125
-1.29669189453125
-0.55950927734375
0.0399169921875
-0.4617919921875
0.09796142578125
0.04705810546875
-0.09521484375
-0.2650146484375
-0.6341552734375
-0.6822509765625
-0.87200927734375
-0.57879638671875
0.21160888671875
-0.33135986328125
-0.4298095703125
-0.50848388671875
-1.22454833984375
0.40618896484375
0.446044921875
-0.1844482421875
-0.50274658203125
-0.419677734375
-0.5208740234375
-0.72222900390625
-0.76226806640625
-0.35260009765625
-0.11480712890625
0.8170166015625
0.531494140625
-0.43621826171875
-0.47021484375
0.01519775390625
-0.7830810546875
-0.52740478515625
-0.0833740234375
0.24835205078125
0.41314697265625
-0.262451171875
-0.84222412109375
-0.00872802734375
-0.3974609375
0.42169189453125
0.011962890625
-0.73516845703125
-0.46453857421875
-0.18768310546875
0.41717529296875
0.34222412109375
-0.2076416015625
-0.35882568359375
-0.4732666015625
-0.69927978515625
0.00653076171875
0.3369140625
-0.30303955078125
0.70257568359375
0.38043212890625
-0.52142333984375
-0.2806396484375
-0.9898681640625
-0.1031494140625
-0.00372314453125
0.17535400390625
0.573974609375
-0.41534423828125
0.150146484375
-0.15814208984375
-0.23284912109375
0.0386962890625
-0.4222412109375
-0.32501220703125
-0.25006103515625
-0.71734619140625
-0.10821533203125
-0.98931884765625
0.35992431640625
-0.9024658203125
-0.19647216796875
-0.0611572265625
0.4820556640625
-0.22515869140625
0.24481201171875
-0.33660888671875
-0.18206787109375
0.47723388671875
-1.20758056640625
0.7275390625
-0.88116455078125
-0.43621826171875
-0.0638427734375
-0.35821533203125
0.12860107421875
0.2535400390625
0.0328369140625
0.6798095703125
-0.2757568359375
-1.10150146484375
-0.2467041015625
-0.17303466796875
-0.26043701171875
0.32073974609375
0.1806640625
-0.13739013671875
-0.03302001953125
0.1480712890625
-0.08392333984375
-0.14013671875
-0.29638671875
-0.0164794921875
0.06085205078125
-0.68597412109375
-0.12286376953125
0.33514404296875
-0.53009033203125
0.18524169921875
-0.0218505859375
-0.48516845703125
0.0799560546875
-1.50592041015625
-0.538818359375
0.11407470703125
-1.03424072265625
-0.67181396484375
0.56817626953125
0.571044921875
-0.4246826171875
0.494384765625
-0.4957275390625
0.11187744140625
0.4163818359375
-0.2666015625
-0.15478515625
-0.66748046875
-0.7315673828125
-0.01788330078125
0.0113525390625
0.27264404296875
0.1405029296875
-0.407958984375
0.589599609375
-0.4169921875
-0.40350341796875
0.17620849609375
-0.27252197265625
-0.13616943359375
0.77459716796875
0.22845458984375
-0.82611083984375
-0.29840087890625
0.4100341796875
-0.35723876953125
0.5587158203125
-0.2890625
-0.25054931640625
-0.211181640625
-0.75787353515625
0.019287109375
-0.140625
-0.33154296875
-0.77252197265625
-0.477294921875
-0.15643310546875
0.17205810546875
0.0897216796875
-1.1929931640625
0.14251708984375
0.25531005859375
-1.16534423828125
-0.06536865234375
-0.39373779296875
-0.29217529296875
0.34320068359375
0.3636474609375
-0.80194091796875
-1.37274169921875
-0.162841796875
0.4881591796875
0.688232421875
0.033935546875
-1.08795166015625
-0.5181884765625
0.719482421875
-0.65496826171875
-0.4827880859375
-0.66729736328125
-0.08477783203125
1.30499267578125
1.075927734375
0.24542236328125
0.66748046875
-1.1572265625
-1.0167236328125
-0.257080078125
-0.6219482421875
-0.42999267578125
0.21099853515625
-0.93646240234375
0.5853271484375
0.04156494140625
-0.5081787109375
0.21856689453125
0.35064697265625
-0.07183837890625
0.75958251953125
-0.65802001953125
-1.24383544921875
-0.9210205078125
-0.88134765625
0.389404296875
0.273193359375
0.450439453125
-0.58502197265625
-0.87469482421875
-0.54095458984375
-0.1121826171875
0.68511962890625
-1.39300537109375
0.68359375
-0.2900390625
0.3206787109375
0.49603271484375
0.058349609375
-0.19921875
-0.4671630859375
-0.25506591796875
0.09552001953125
-0.0643310546875
-0.61663818359375
0.65338134765625
0.27264404296875
0.230712890625
-0.234130859375
-0.28216552734375
0.09033203125
0.17791748046875
-0.70928955078125
0.67724609375
0.3834228515625
-0.1661376953125
0.09100341796875
0.4766845703125
-0.1510009765625
0.3880615234375
-0.18402099609375
-0.35943603515625
-0.03472900390625
-0.79156494140625
-0.16796875
-0.6724853515625
-0.32037353515625
0.538330078125
0.43280029296875
-0.44403076171875
-0.3448486328125
-0.515380859375
-0.998291015625
-0.25335693359375
0.25799560546875
-0.0350341796875
0.4373779296875
-0.46942138671875
-0.16748046875
0.37359619140625
-0.36175537109375
-0.1689453125
-0.3782958984375
0.15557861328125
0.41986083984375
0.64495849609375
-1.0101318359375
0.2711181640625
-1.51898193359375
-0.09521484375
-0.10382080078125
-0.07928466796875
0.7960205078125
-0.3961181640625
-0.53131103515625
0.93646240234375
-0.7613525390625
0.1126708984375
-0.57586669921875
-0.662109375
-0.0341796875
-0.69464111328125
0.14215087890625
-0.7047119140625
-0.65576171875
-0.54052734375
-0.63092041015625
0.6265869140625
-0.3184814453125
-0.113525390625
-0.05804443359375
-0.2984619140625
-0.50750732421875
0.63592529296875
-0.13812255859375
-0.44793701171875
0.6837158203125
0.577880859375
0.0999755859375
-0.25872802734375
-0.01214599609375
-0.54571533203125
-0.70538330078125
-0.08489990234375
-0.7506103515625
0.0328369140625
-0.2996826171875
-0.3172607421875
0.3116455078125
-0.19256591796875
-1.01971435546875
-0.00665283203125
0.04486083984375
-0.17095947265625
0.1116943359375
-0.48858642578125
-0.4161376953125
-0.0615234375
-0.10687255859375
-0.81536865234375
-0.0474853515625
-0.2379150390625
0.20721435546875
0.56060791015625
-0.1884765625
-0.06939697265625
0.55780029296875
-0.2244873046875
-0.700439453125
0.111572265625
-0.394287109375
0.0230712890625
-0.04168701171875
-0.4835205078125
0.228759765625
0.7879638671875
-0.20654296875
-0.0947265625
0.24871826171875
0.056640625
-0.47503662109375
-0.9560546875
-0.7265625
-0.39410400390625
-0.947265625
-0.1947021484375
0.38067626953125
1.35638427734375
-0.5042724609375
0.595947265625
0.11273193359375
0.92816162109375
0.30841064453125
-0.45526123046875
-0.30572509765625
-0.30010986328125
0.50787353515625
-0.5107421875
0.25390625
-0.57275390625
-0.51513671875
0.1768798828125
0.7237548828125
-0.58013916015625
-0.29290771484375
-0.8812255859375
0.53662109375
0.7481689453125
0.27032470703125
-1.17431640625
-0.07861328125
0.82879638671875
0.21343994140625
0.37799072265625
-1.1822509765625
-0.01873779296875
-1.1612548828125
-0.56072998046875
-0.05859375
-0.23516845703125
-0.02191162109375
1.1356201171875
-0.8270263671875
-0.74481201171875
-0.0238037109375
-0.172119140625
-0.40753173828125
-0.22125244140625
-0.603759765625
-0.30682373046875
-0.037841796875
0.572509765625
-0.43743896484375
-0.8353271484375
-0.06500244140625
0.5439453125
-0.96636962890625
-0.783203125
-0.79998779296875
-0.180908203125
0.35986328125
0.27099609375
-0.55255126953125
0.0411376953125
0.76300048828125
0.30218505859375
0.282958984375
-0.3277587890625
-0.8248291015625
0.08935546875
-0.2742919921875
0.015380859375
0.52752685546875
-0.6717529296875
-0.487548828125
0.28253173828125
-0.7451171875
-0.25750732421875
0.59259033203125
-0.38201904296875
-0.0233154296875
-0.56915283203125
0.72808837890625
0.28314208984375
-0.13323974609375
-0.41107177734375
0.60845947265625
-0.02850341796875
0.08050537109375
0.27716064453125
0.11102294921875
-0.26953125
-0.1029052734375
0.267333984375
0.17681884765625
-0.514892578125
-0.4423828125
-0.34783935546875
-0.37664794921875
-0.27655029296875
-0.3419189453125
-0.7978515625
-0.15618896484375
-0.2501220703125
0.0096435546875
-0.8953857421875
0.2984619140625
0.2142333984375
0.32513427734375
-0.7100830078125
0.0057373046875
-0.21734619140625
-0.28021240234375
-0.30950927734375
-0.0443115234375
-0.43585205078125
0.08929443359375
0.33935546875
0.43701171875
-0.10601806640625
-0.00030517578125
0.1302490234375
-0.0255126953125
-0.30328369140625
-0.30328369140625
-0.03643798828125
0.508544921875
0.185546875
-0.10687255859375
0.09832763671875
-0.33544921875
0.02801513671875
0.03192138671875
-0.70269775390625
-0.56793212890625
0.07421875
-0.17047119140625
0.544921875
0.218505859375
0.06536865234375
-0.73065185546875
-0.0799560546875
-0.4102783203125
0.03106689453125
-0.160400390625
-0.22064208984375
0.04193115234375
-0.50799560546875
0.26544189453125
-0.29388427734375
0.2938232421875
0.63092041015625
0.2977294921875
-0.05859375
-0.60284423828125
-0.32177734375
-0.38189697265625
0.24005126953125
-0.64312744140625
-0.4014892578125
0.544921875
-0.46875
-0.71343994140625
0.17181396484375
-0.26849365234375
-0.56884765625
0.92254638671875
0.19586181640625
0.58868408203125
-0.31219482421875
0.15863037109375
0.3687744140625
0.34271240234375
0.76678466796875
0.0465087890625
-0.34527587890625
-0.7093505859375
-0.6707763671875
0.51263427734375
1.134033203125
0.44659423828125
0.4884033203125
-0.65313720703125
-0.5277099609375
-0.28179931640625
-0.044921875
-1.5172119140625
-0.65875244140625
0.20709228515625
0.21826171875
0.86273193359375
0.377197265625
-0.60015869140625
-0.10614013671875
0.2501220703125
0.570556640625
-0.32373046875
-0.56903076171875
-0.56689453125
0.23236083984375
-0.01123046875
-0.64208984375
0.62445068359375
-0.68328857421875
0.25787353515625
0.59185791015625
-0.26300048828125
-0.00531005859375
-0.9354248046875
-0.9586181640625
0.2044677734375
-0.12823486328125
-0.060302734375
0.9552001953125
-0.498779296875
-1.5037841796875
-0.6422119140625
-0.88775634765625
0.1861572265625
0.1650390625
-0.7275390625
0.1962890625
-0.421875
0.86334228515625
0.19134521484375
-0.49835205078125
-0.46160888671875
0.42462158203125
-0.3681640625
-0.21148681640625
-0.1434326171875
-0.05816650390625
-0.0252685546875
0.41192626953125
-0.4039306640625
0.3095703125
-0.32427978515625
-0.5562744140625
0.2530517578125
-0.3094482421875
-0.267333984375
0.5693359375
0.2606201171875
-0.1099853515625
0.03375244140625
-0.0062255859375
-0.3585205078125
-0.711181640625
0.3763427734375
0.17657470703125
-0.2598876953125
0.37188720703125
0.167724609375
-0.52978515625
-0.1041259765625
-0.26885986328125
-0.129638671875
0.62969970703125
0.47882080078125
-0.64544677734375
0.10382080078125
-0.27508544921875
-0.2998046875
-0.10003662109375
-0.29351806640625
-0.447265625
0.11932373046875
0.18280029296875
0.30438232421875
-0.51226806640625
-0.07647705078125
-0.10589599609375
0.2176513671875
-0.21746826171875
-1.0343017578125
0.30487060546875
-0.1025390625
-1.10711669921875
0.46319580078125
0.1513671875
-0.025634765625
0.0625
-0.23101806640625
-0.12384033203125
-0.25762939453125
-0.55438232421875
-0.6578369140625
-0.43902587890625
-0.37384033203125
-0.31085205078125
-0.353759765625
0.87506103515625
0.10723876953125
0.25152587890625
0.30450439453125
0.107177734375
-0.70025634765625
-0.73297119140625
-0.222412109375
-0.24871826171875
-1.279541015625
0.11083984375
-0.1951904296875
-0.33135986328125
-0.30804443359375
-0.865966796875
0.23651123046875
-0.2572021484375
0.0491943359375
-0.0274658203125
-0.582275390625
-0.01495361328125
-0.34649658203125
-0.772705078125
-0.1326904296875
0.4906005859375
-0.42218017578125
-0.31549072265625
-0.27691650390625
0.2333984375
0.11572265625
-0.2578125
0.0704345703125
0.80908203125
0.0782470703125
-0.108642578125
0.9456787109375
0.42156982421875
-0.20220947265625
-0.3721923828125
0.0496826171875
0.15191650390625
-0.3336181640625
-0.09918212890625
-0.1859130859375
0.32562255859375
-0.9163818359375
-0.32757568359375
-0.7298583984375
-0.368896484375
0.65606689453125
0.25390625
-1.22869873046875
-0.760986328125
-1.349853515625
-0.67608642578125
0.19256591796875
0.96551513671875
0.43426513671875
-0.38165283203125
-0.6185302734375
-1.17120361328125
0.46466064453125
0.1649169921875
0.08282470703125
0.51092529296875
-1.1572265625
-0.53106689453125
1.2581787109375
-0.6854248046875
-1.0767822265625
-0.6099853515625
-0.9168701171875
0.50506591796875
0.7095947265625
-0.36285400390625
0.333251953125
0.302978515625
-1.74151611328125
-0.19158935546875
-0.146240234375
-1.13592529296875
-0.727783203125
-0.22039794921875
-0.43243408203125
-0.005126953125
-0.32275390625
-1.76495361328125
0.5648193359375
-0.047119140625
0.32867431640625
0.28387451171875
-0.2694091796875
-0.1075439453125
-0.1207275390625
0.082275390625
0.26898193359375
0.59014892578125
-1.27264404296875
-1.21795654296875
0.28253173828125
-0.12548828125
-0.15679931640625
0.21405029296875
0.34686279296875
-0.1485595703125
-0.60400390625
-0.053955078125
-0.26312255859375
-0.8680419921875
0.074951171875
-0.0714111328125
0.30609130859375
0.32080078125
0.14227294921875
-0.74493408203125
0.65435791015625
0.91973876953125
-0.27008056640625
-0.52117919921875
0.44024658203125
-0.8929443359375
0.3251953125
0.174560546875
-0.1993408203125
-0.8958740234375
-0.6427001953125
0.25555419921875
0.714599609375
-0.138671875
-0.66192626953125
0.49688720703125
-0.40838623046875
-0.045654296875
0.20440673828125
-0.197998046875
-0.35369873046875
-0.57623291015625
-0.08819580078125
-0.2265625
-0.20526123046875
-0.451171875
-0.044677734375
0.09515380859375
0.10235595703125
0.36199951171875
-0.466552734375
-0.31561279296875
0.1842041015625
0.0028076171875
0.40325927734375
-0.04144287109375
0.43017578125
-0.94952392578125
-0.259521484375
-0.1739501953125
-0.2232666015625
-0.06231689453125
-0.218017578125
0.48907470703125
0.1898193359375
-0.72314453125
0.693603515625
0.5731201171875
-0.24786376953125
0.22979736328125
0.4263916015625
-0.59625244140625
0.71258544921875
0.2911376953125
-0.30804443359375
0.7298583984375
0.25030517578125
-0.2384033203125
-0.51806640625
0.21295166015625
-0.2418212890625
0.5885009765625
-0.4503173828125
-0.3876953125
0.5382080078125
-0.05712890625
-0.08038330078125
-0.10235595703125
-0.1805419921875
0.2222900390625
0.20806884765625
0.29840087890625
-0.965576171875
0.375244140625
-0.19091796875
-0.05987548828125
-0.14501953125
-0.6473388671875
0.96453857421875
-0.23809814453125
-0.28057861328125
-0.11090087890625
-0.50335693359375
0.18194580078125
-0.23846435546875
-0.34503173828125
-0.185546875
-0.09942626953125
-0.31488037109375
0.06048583984375
-0.358154296875
0.267333984375
0.50482177734375
0.29400634765625
-0.0343017578125
-0.2926025390625
-0.94317626953125
-0.10308837890625
-0.85260009765625
0.56866455078125
0.70562744140625
0.338134765625
-0.35150146484375
-0.10711669921875
-0.27117919921875
0.26629638671875
-0.5865478515625
-0.08154296875
-0.25030517578125
0.38653564453125
0.12945556640625
-0.35986328125
-1.22369384765625
-0.17449951171875
0.28662109375
-0.47613525390625
0.90350341796875
-0.11932373046875
-0.35845947265625
-0.43988037109375
-0.5694580078125
-0.08319091796875
0.78466796875
0.25390625
-1.5277099609375
0.1580810546875
0.52105712890625
0.40997314453125
-0.618408203125
-0.43255615234375
-0.29931640625
0.4163818359375
0.16357421875
0.1234130859375
0.38525390625
-0.599609375
-0.3089599609375
0.22662353515625
-0.08807373046875
-0.9052734375
0.0733642578125
1.0806884765625
-0.2431640625
-0.17486572265625
-0.330810546875
-0.031005859375
0.665771484375
0.7227783203125
-0.72259521484375
-0.5303955078125
0.384521484375
-0.66961669921875
-0.87725830078125
-0.2578125
0.19036865234375
0.9345703125
-0.19854736328125
-1.10052490234375
0.0767822265625
0.07269287109375
0.46197509765625
0.3292236328125
-0.27032470703125
0.05914306640625
0.15399169921875
0.849853515625
0.42962646484375
-0.62628173828125
-0.26800537109375
0.73565673828125
0.6029052734375
0.09564208984375
-0.2486572265625
-0.40185546875
0.12982177734375
0.25323486328125
0.10333251953125
0.554443359375
-0.473388671875
0.34625244140625
0.44464111328125
0.0518798828125
-0.4195556640625
-0.31524658203125
0.1002197265625
0.16070556640625
-0.17388916015625
0.27294921875
0.3106689453125
-0.2681884765625
-0.24786376953125
-0.04815673828125
-0.13372802734375
0.17694091796875
0.25421142578125
-0.28729248046875
-0.7117919921875
0.237548828125
0.15997314453125
-0.19891357421875
-0.014892578125
-0.50921630859375
0.18743896484375
0.03570556640625
-0.22314453125
-1.186767578125
-1.15447998046875
0.698974609375
0.24615478515625
-0.32861328125
-1.14117431640625
-0.08990478515625
0.91845703125
-0.0950927734375
-0.42401123046875
-0.6668701171875
0.03582763671875
-0.689697265625
0.476318359375
0.83013916015625
-0.20831298828125
-0.1973876953125
-0.3974609375
-0.6639404296875
0.04229736328125
0.2147216796875
-0.50244140625
-0.3487548828125
0.086669921875
-0.12347412109375
0.93341064453125
-0.316650390625
-1.1458740234375
-0.10174560546875
-0.0596923828125
-0.885498046875
0.06781005859375
0.01446533203125
-1.08209228515625
-0.1011962890625
-0.1986083984375
-0.24603271484375
-0.11041259765625
0.561767578125
-0.1783447265625
-0.12298583984375
0.16473388671875
0.466796875
0.05242919921875
-0.10540771484375
0.15521240234375
-0.43731689453125
-0.1533203125
-0.18157958984375
0.4346923828125
-0.406982421875
0.5093994140625
0.56976318359375
-0.54052734375
0.02008056640625
-0.4339599609375
-0.1253662109375
0.0999755859375
0.081787109375
0.30657958984375
0.139404296875
0.11260986328125
0.1712646484375
-0.45745849609375
-0.39227294921875
-0.11175537109375
0.431640625
-0.19329833984375
-0.4122314453125
0.39288330078125
0.06243896484375
-0.02459716796875
0.08367919921875
-0.17169189453125
0.3133544921875
-0.0064697265625
-0.15399169921875
0.01019287109375
-0.7171630859375
-1.43603515625
-0.10711669921875
-0.46380615234375
0.0377197265625
0.57275390625
-0.10333251953125
0.23040771484375
-0.8104248046875
-0.47662353515625
0.12408447265625
0.1793212890625
0.474853515625
-0.4383544921875
-0.12384033203125
-0.073974609375
-0.03070068359375
-0.810302734375
-0.57794189453125
-0.001708984375
0.21270751953125
0.52630615234375
-0.09967041015625
0.111328125
-0.736328125
-0.47491455078125
0.58526611328125
-0.85675048828125
-0.90350341796875
-0.756591796875
0.67706298828125
0.28863525390625
-0.51116943359375
0.22528076171875
0.12579345703125
0.25579833984375
-0.2305908203125
0.28466796875
-0.4322509765625
-0.93292236328125
-0.732421875
0.21142578125
0.4517822265625
0.3458251953125
0.55126953125
-1.1640625
-0.3134765625
0.144775390625
-0.93023681640625
1.05206298828125
-0.3587646484375
-0.6942138671875
0.4385986328125
-0.8887939453125
0.70758056640625
0.0089111328125
-0.4783935546875
0.1412353515625
0.695556640625
-0.34234619140625
0.453369140625
-0.22125244140625
-0.24298095703125
0.197021484375
0.1158447265625
0.39031982421875
0.1116943359375
0.41748046875
-0.5341796875
-0.10845947265625
-0.3765869140625
0.231201171875
0.71319580078125
-0.057861328125
-0.46533203125
-0.6759033203125
-0.30859375
-0.196044921875
-0.8802490234375
-0.0882568359375
0.17864990234375
-0.38043212890625
-0.2320556640625
-0.3597412109375
-0.5015869140625
-0.2996826171875
-0.807373046875
-0.55841064453125
-1.0206298828125
0.23382568359375
-0.38702392578125
0.4918212890625
-0.50421142578125
-0.3240966796875
-0.56072998046875
-0.7369384765625
-0.09051513671875
-0.01263427734375
-0.146728515625
0.057373046875
0.9197998046875
-0.619140625
-0.33404541015625
-0.3787841796875
-0.0302734375
-0.25946044921875
-0.069091796875
-0.05657958984375
-0.18511962890625
0.2152099609375
-0.26336669921875
0.250244140625
0.20709228515625
-0.095458984375
-0.00506591796875
-0.194580078125
-0.20166015625
0.223876953125
0.56939697265625
0.1492919921875
0.0274658203125
-0.2159423828125
0.08905029296875
-0.03729248046875
-0.25555419921875
0.00616455078125
0.18115234375
-0.40496826171875
0.0147705078125
-0.0379638671875
0.518798828125
0.10968017578125
0.03643798828125
0.36541748046875
-0.0980224609375
-0.64141845703125
-0.445068359375
-0.35992431640625
0.1851806640625
0.06231689453125
-0.05291748046875
0.3702392578125
0.37530517578125
-0.3558349609375
-0.61785888671875
-0.126220703125
0.00469970703125
-0.393798828125
-0.35992431640625
-0.050537109375
0.207275390625
-0.105224609375
0.3807373046875
-0.05706787109375
-0.412353515625
-0.537353515625
-0.1390380859375
-0.26495361328125
-0.28802490234375
0.555419921875
-0.31927490234375
-0.38177490234375
0.0484619140625
-0.66583251953125
0.53228759765625
0.9453125
-0.109130859375
0.29937744140625
-0.812255859375
-0.69256591796875
-0.46527099609375
-0.711669921875
0.3076171875
0.8707275390625
-0.48699951171875
-0.58154296875
-0.68408203125
-0.242431640625
-0.28369140625
0.28057861328125
-0.25018310546875
-0.40997314453125
-0.4246826171875
-0.93450927734375
-0.25384521484375
0.370361328125
0.65045166015625
-0.3489990234375
0.08148193359375
1.0576171875
0.37255859375
-0.2525634765625
-0.46630859375
-0.56683349609375
0.7122802734375
-0.2696533203125
0.3812255859375
-0.26055908203125
-1.6236572265625
-1.20556640625
0.19976806640625
-0.11981201171875
-0.79168701171875
-0.84625244140625
0.28900146484375
1.382080078125
-0.45721435546875
-1.27899169921875
0.592041015625
-0.70166015625
0.0726318359375
0.8148193359375
-1.08868408203125
-0.92938232421875
-0.34295654296875
-0.07476806640625
0.46142578125
-0.16802978515625
0.13427734375
-0.46856689453125
-0.46759033203125
-0.64654541015625
0.5521240234375
-0.03656005859375
-1.21337890625
0.1187744140625
-0.262939453125
-0.55718994140625
0.66241455078125
-0.2750244140625
-0.078125
0.32177734375
-0.23028564453125
0.27471923828125
-0.1929931640625
-0.44244384765625
-0.5540771484375
0.36053466796875
0.0545654296875
0.37554931640625
0.056884765625
-0.32781982421875
-0.1434326171875
-1.3258056640625
0.31341552734375
-1.03204345703125
-0.57647705078125
0.6558837890625
0.27960205078125
-0.140869140625
-0.41070556640625
-0.22125244140625
-0.34259033203125
-0.051025390625
-0.0684814453125
-0.0440673828125
-0.2691650390625
0.2340087890625
0.092041015625
-1.09674072265625
0.1593017578125
-0.13262939453125
0.3778076171875
-0.17462158203125
-0.3294677734375
0.134521484375
0.92303466796875
-0.3837890625
-0.5130615234375
-0.14544677734375
0.40966796875
0.2696533203125
-0.058349609375
-0.60382080078125
0.39935302734375
0.644287109375
0.1199951171875
1.20611572265625
0.00750732421875
-0.1336669921875
0.1419677734375
0.134521484375
0.12957763671875
0.11029052734375
-0.3619384765625
-0.03692626953125
-0.18365478515625
0.0625
-0.15277099609375
-0.03802490234375
-1.01904296875
0.0596923828125
0.02935791015625
-0.54669189453125
-0.6805419921875
0.51055908203125
0.345947265625
-0.66259765625
-0.0628662109375
-0.59417724609375
-0.5673828125
-0.501220703125
-0.60955810546875
-0.45477294921875
-0.24774169921875
0.42724609375
-0.2886962890625
-0.49249267578125
-1.4833984375
-0.2265625
-0.4085693359375
-0.47772216796875
-0.04803466796875
-0.02398681640625
0.2376708984375
-0.114501953125
0.84967041015625
-0.21063232421875
-1.08843994140625
-0.2025146484375
-0.11578369140625
0.5047607421875
-0.475830078125
-0.8763427734375
0.5400390625
0.29730224609375
0.33868408203125
0.0457763671875
-0.0162353515625
-0.22149658203125
0.3804931640625
-0.29595947265625
0.67279052734375
-0.18115234375
-0.5030517578125
-0.013916015625
-0.30059814453125
0.17950439453125
0.1024169921875
-0.14801025390625
-0.4149169921875
-0.03973388671875
0.08544921875
-1.24078369140625
0.28656005859375
-0.6983642578125
0.268310546875
0.2991943359375
-0.4993896484375
-0.72845458984375
0.38140869140625
-0.0189208984375
0.025146484375
0.53765869140625
0.310302734375
0.26116943359375
-1.079833984375
-0.51934814453125
-0.37933349609375
0.57232666015625
0.60711669921875
-0.10791015625
0.0230712890625
0.41680908203125
0.22930908203125
-1.4833984375
-0.523681640625
-0.5289306640625
0.2154541015625
1.32611083984375
-0.1788330078125
0.12542724609375
-0.3284912109375
-0.51068115234375
0.45794677734375
-0.913330078125
-0.44818115234375
0.1397705078125
0.51361083984375
0.6075439453125
-0.3331298828125
-0.336669921875
-0.08074951171875
0.37408447265625
-0.1419677734375
-0.6864013671875
0.00677490234375
-0.8157958984375
-1.15338134765625
-0.44110107421875
1.47430419921875
-0.2655029296875
0.135986328125
-0.62005615234375
-0.7784423828125
0.08172607421875
-0.115966796875
0.723388671875
-0.09686279296875
-1.42047119140625
-0.14373779296875
-0.77923583984375
0.17510986328125
0.40435791015625
-1.18963623046875
-0.0751953125
0.976806640625
-0.2720947265625
-0.67266845703125
0.38873291015625
-0.25347900390625
0.1014404296875
0.33984375
-0.98199462890625
0.448486328125
0.10552978515625
-0.3125
0.50653076171875
-0.06060791015625
0.15948486328125
-0.718505859375
-0.99371337890625
0.7574462890625
-0.26708984375
-0.4912109375
0.12994384765625
-0.002685546875
-0.7298583984375
0.11151123046875
0.545654296875
-0.804931640625
0.07476806640625
-0.24871826171875
-0.2574462890625
-0.14111328125
0.57537841796875
0.59136962890625
-0.2603759765625
0.38177490234375
-0.19219970703125
0.0750732421875
-0.4970703125
-0.234375
0.02276611328125
-0.14727783203125
-0.07366943359375
-0.1566162109375
0.469482421875
-0.164794921875
0.3585205078125
-0.3408203125
-0.09686279296875
-0.2506103515625
-0.275390625
-0.05145263671875
-0.28387451171875
0.57806396484375
-0.38330078125
-0.21026611328125
-0.56756591796875
-0.15240478515625
-0.0755615234375
0.13165283203125
-0.2275390625
-0.9375
0.11322021484375
0.60247802734375
-0.67755126953125
0.31982421875
-0.07562255859375
-0.75677490234375
-0.30413818359375
0.201416015625
-0.3519287109375
-0.0843505859375
-0.07818603515625
-0.250732421875
-0.75067138671875
-0.4432373046875
-0.308349609375
-0.8111572265625
-0.24676513671875
0.40771484375
-0.48828125
-0.40631103515625
0.27642822265625
-1.502685546875
-0.0926513671875
0.2506103515625
0.28485107421875
-0.1236572265625
0.20343017578125
-0.80010986328125
0.358154296875
0.4859619140625
0.56195068359375
0.39288330078125
0.416748046875
-0.5634765625
0.12225341796875
0.4561767578125
0.21112060546875
0.56964111328125
0.51776123046875
-0.32037353515625
-0.46319580078125
-0.870361328125
-0.19903564453125
0.07440185546875
-0.3740234375
-0.84954833984375
-0.2652587890625
0.615478515625
0.3330078125
-1.01458740234375
-0.51324462890625
-0.73284912109375
-0.4210205078125
0.587890625
0.1177978515625
-0.33392333984375
-0.75311279296875
-0.69189453125
-0.22015380859375
0.8218994140625
-0.3760986328125
0.23974609375
0.30462646484375
-0.53466796875
-0.59515380859375
-0.78619384765625
-0.3642578125
0.5999755859375
0.240966796875
-1.02105712890625
-0.3082275390625
0.5126953125
-0.43988037109375
-0.483154296875
-0.15960693359375
0.28173828125
0.5692138671875
0.084228515625
-0.005859375
0.34271240234375
-1.0518798828125
-0.3564453125
0.46771240234375
-0.6265869140625
-0.73052978515625
-0.39959716796875
0.17431640625
1.2149658203125
-0.46661376953125
-0.33843994140625
-0.3138427734375
0.49981689453125
0.2490234375
-0.3985595703125
-0.2088623046875
-0.32830810546875
-0.52520751953125
-0.16552734375
0.1033935546875
0.8870849609375
-0.1917724609375
-0.328857421875
-0.8604736328125
-0.42767333984375
-0.155517578125
0.9825439453125
-1.04888916015625
-0.36248779296875
-0.4132080078125
-0.86962890625
0.3753662109375
-0.02789306640625
-0.59722900390625
0.45440673828125
-1.01348876953125
0.456787109375
0.41693115234375
-0.34747314453125
-0.4158935546875
0.42474365234375
-0.3465576171875
-0.37420654296875
0.52020263671875
0.33984375
0.41009521484375
-0.4114990234375
0.407470703125
0.34521484375
-0.18133544921875
-0.3037109375
0.37933349609375
0.1884765625
0.16180419921875
-0.83538818359375
0.6856689453125
-0.2034912109375
-0.13037109375
0.67596435546875
0.1546630859375
-0.0028076171875
0.01531982421875
-0.1654052734375
-0.29193115234375
0.14276123046875
-0.30072021484375
-0.5020751953125
0.58441162109375
-0.64007568359375
0.31597900390625
-0.46429443359375
-0.29620361328125
-0.1151123046875
-0.46771240234375
-0.6474609375
-0.51995849609375
-0.19171142578125
-0.720458984375
0.47308349609375
0.14373779296875
0.16217041015625
-0.258056640625
-0.19683837890625
0.08355712890625
0.49420166015625
-0.4373779296875
-0.457763671875
-0.3204345703125
0.3980712890625
-0.67523193359375
-0.7530517578125
-0.0179443359375
0.00286865234375
-0.47088623046875
0.45953369140625
-0.16534423828125
-0.60687255859375
-0.27020263671875
-0.91998291015625
-0.31451416015625
-0.10498046875
0.43060302734375
-0.42742919921875
0.22607421875
0.2745361328125
-0.545166015625
-0.08404541015625
0.40472412109375
0.02471923828125
-0.110107421875
-0.88702392578125
-0.4986572265625
-0.26708984375
-0.32965087890625
0.022705078125
-0.1837158203125
-0.29412841796875
-0.0516357421875
0.5013427734375
0.36004638671875
-0.48876953125
-0.68035888671875
-0.04144287109375
-0.6292724609375
-0.45849609375
-0.6453857421875
0.081787109375
-0.0018310546875
0.374755859375
0.18182373046875
0.02911376953125
-0.2257080078125
0.13653564453125
-0.44891357421875
-0.09417724609375
-0.170166015625
0.63330078125
-0.524658203125
0.41571044921875
0.57525634765625
0.32525634765625
0.44122314453125
0.4072265625
0.56195068359375
-0.38970947265625
-0.05767822265625
0.7166748046875
0.6031494140625
0.31317138671875
0.27178955078125
-0.24993896484375
-0.67236328125
-0.103515625
-0.19537353515625
-0.0260009765625
0.0523681640625
-0.60748291015625
0.04559326171875
-0.697265625
0.68829345703125
0.57171630859375
-0.02923583984375
0.57623291015625
-0.7127685546875
0.3018798828125
0.46533203125
0.22515869140625
-1.34466552734375
0.273193359375
-0.4532470703125
-0.49420166015625
0.49444580078125
-0.6326904296875
-0.19708251953125
0.2960205078125
-0.3780517578125
1.3812255859375
-0.7606201171875
-1.16229248046875
-0.2362060546875
0.36163330078125
-0.6124267578125
0.2322998046875
-0.41290283203125
-0.49774169921875
0.77099609375
-0.183837890625
-0.8662109375
-0.37591552734375
-0.172607421875
-1.03277587890625
0.02880859375
-0.5811767578125
0.5389404296875
0.42694091796875
-0.17694091796875
-0.67279052734375
-0.90582275390625
-0.494140625
0.45306396484375
-0.41876220703125
-0.79290771484375
-0.1832275390625
0.40362548828125
0.7637939453125
-0.064208984375
-1.39691162109375
-0.6036376953125
-0.162353515625
-0.31011962890625
-0.2548828125
-0.510009765625
-1.2786865234375
0.38226318359375
0.6478271484375
-0.71624755859375
-0.46112060546875
-0.92938232421875
0.1951904296875
0.909423828125
-0.4312744140625
-1.048095703125
-1.491943359375
0.52630615234375
0.79656982421875
0.17242431640625
-0.590576171875
-0.09130859375
-0.07940673828125
0.03179931640625
-0.02496337890625
-0.19354248046875
-0.53155517578125
0.074951171875
-0.27081298828125
0.3607177734375
-0.97442626953125
0.1873779296875
-0.6356201171875
-0.43951416015625
-0.05316162109375
0.31793212890625
0.025146484375
-0.6551513671875
-0.5289306640625
0.31494140625
0.001220703125
-0.66729736328125
-0.04058837890625
0.01556396484375
-0.20611572265625
-0.3634033203125
-0.41741943359375
-0.388427734375
0.07000732421875
-0.4495849609375
0.04730224609375
-0.30938720703125
0.540283203125
-0.4114990234375
0.332275390625
0.1842041015625
0.0467529296875
0.10174560546875
-0.5079345703125
-0.2381591796875
0.089111328125
-0.0172119140625
0.14874267578125
-0.18585205078125
-0.08734130859375
0.077392578125
-0.34442138671875
0.2454833984375
-0.9246826171875
-0.23443603515625
0.0589599609375
0.03680419921875
-0.501708984375
-0.24652099609375
-0.02020263671875
-0.55291748046875
0.22186279296875
-0.450439453125
-0.44830322265625
0.3671875
-0.2587890625
-0.23284912109375
-0.1895751953125
-0.31219482421875
0.08746337890625
-0.22296142578125
-0.12042236328125
-0.32989501953125
-0.35693359375
0.15277099609375
0.0552978515625
-0.02978515625
-0.3499755859375
-0.021728515625
-0.62518310546875
-0.8975830078125
-0.5423583984375
0.6357421875
0.28411865234375
-0.39678955078125
-0.48004150390625
0.356689453125
0.32794189453125
-0.19622802734375
-0.98968505859375
0.81427001953125
0.016845703125
-0.52972412109375
0.01470947265625
0.363525390625
-0.79803466796875
-0.49041748046875
-0.04681396484375
-0.74127197265625
-0.604248046875
0.00836181640625
0.80865478515625
-0.30291748046875
-0.305419921875
0.19921875
0.0465087890625
-0.8223876953125
0.32958984375
-0.04791259765625
-1.025390625
-0.36212158203125
-0.84869384765625
-0.2086181640625
0.54412841796875
-0.02587890625
-0.1326904296875
-0.8270263671875
0.14892578125
-0.04052734375
-0.39532470703125
-0.65057373046875
-0.7471923828125
0.8585205078125
-0.33392333984375
0.4664306640625
0.08343505859375
-0.056396484375
-0.0718994140625
-0.17181396484375
-0.48919677734375
-0.46728515625
0.76519775390625
0.415771484375
-0.23614501953125
-0.031494140625
-0.8343505859375
1.0948486328125
-0.7742919921875
0.8336181640625
0.0972900390625
-0.53485107421875
0.2696533203125
-0.680419921875
-0.98956298828125
0.1295166015625
-0.00994873046875
0.8006591796875
0.66900634765625
-0.45147705078125
-1.16461181640625
-0.04107666015625
0.2091064453125
0.1668701171875
0.34954833984375
-0.79913330078125
-0.072509765625
0.2677001953125
0.7899169921875
0.11474609375
-0.78759765625
-1.16339111328125
0.27581787109375
0.3228759765625
-0.3095703125
-0.79656982421875
0.02569580078125
0.25543212890625
0.16363525390625
-0.02410888671875
-0.25933837890625
-0.27276611328125
0.265869140625
-0.09326171875
-0.10491943359375
-0.1512451171875
-0.90167236328125
0.04083251953125
0.52728271484375
0.18048095703125
-0.04644775390625
0.29180908203125
0.347900390625
0.4052734375
-0.28155517578125
-0.35028076171875
-0.24029541015625
0.4288330078125
-0.218505859375
-0.794921875
0.0592041015625
0.0751953125
0.083251953125
-0.16815185546875
-0.0277099609375
-0.34527587890625
-0.2137451171875
-0.04754638671875
0.11358642578125
0.305908203125
-0.08050537109375
-0.0546875
-0.53387451171875
-0.06842041015625
0.09393310546875
-0.07122802734375
-0.198486328125
-0.05206298828125
0.2696533203125
-0.381103515625
0.23028564453125
-0.49127197265625
-0.08050537109375
-0.4676513671875
0.5577392578125
0.80712890625
-0.4039306640625
-0.4169921875
0.4525146484375
-0.24365234375
0.0059814453125
-0.47125244140625
-0.5689697265625
-0.04547119140625
0.29833984375
0.31292724609375
-0.07733154296875
0.05908203125
-0.7283935546875
1.08587646484375
-0.48114013671875
-0.35345458984375
-0.7900390625
-0.90057373046875
-0.20526123046875
-0.5218505859375
0.48883056640625
0.12969970703125
-0.0751953125
0.04730224609375
0.108642578125
-0.015625
0.0438232421875
-0.2998046875
-0.55291748046875
0.1092529296875
-0.4444580078125
0.56207275390625
-0.1497802734375
0.0064697265625
-0.05609130859375
0.0931396484375
-0.34930419921875
0.32684326171875
-0.08319091796875
-0.3134765625
0.47418212890625
0.41107177734375
-0.192138671875
-0.2835693359375
0.3037109375
0.42816162109375
-0.53466796875
-0.131103515625
-0.698974609375
0.1690673828125
0.72174072265625
0.1634521484375
-0.412841796875
-0.34637451171875
0.12060546875
0.99932861328125
-0.45941162109375
-0.2430419921875
0.15887451171875
-0.13787841796875
-1.0472412109375
-0.9940185546875
-1.02764892578125
-0.27001953125
-0.1015625
-0.6632080078125
0.58074951171875
0.28558349609375
-0.4305419921875
-0.7510986328125
-0.5782470703125
-0.114013671875
0.171142578125
0.7911376953125
-1.049072265625
-0.23675537109375
0.09075927734375
-0.12445068359375
-0.703125
0.10162353515625
-0.1185302734375
0.18328857421875
-0.40087890625
-0.577392578125
0.86322021484375
-1.025634765625
-0.32684326171875
0.14971923828125
0.38238525390625
-0.220458984375
0.34375
0.2952880859375
0.39898681640625
0.1705322265625
-0.16802978515625
0.29022216796875
0.4290771484375
-0.1806640625
0.00823974609375
0.0223388671875
-0.36834716796875
-0.02191162109375
-0.8905029296875
0.744873046875
0.9156494140625
0.00042724609375
0.39129638671875
-0.864013671875
-1.5533447265625
-0.12249755859375
0.1658935546875
0.18914794921875
0.1563720703125
-0.04559326171875
-0.08123779296875
0.8858642578125
-0.29962158203125
-1.16021728515625
-0.86572265625
0.58953857421875
0.591064453125
-0.333984375
-0.497314453125
0.23101806640625
-0.1689453125
-0.4061279296875
1.2451171875
-0.3057861328125
-0.40606689453125
-0.16162109375
0.26190185546875
0.7325439453125
-0.87451171875
-0.6910400390625
-0.39288330078125
-0.2806396484375
0.05841064453125
0.17889404296875
-0.8563232421875
-0.20281982421875
-0.92095947265625
0.25537109375
0.13739013671875
-0.34954833984375
-0.5384521484375
0.21868896484375
0.27752685546875
-0.86065673828125
0.0736083984375
-0.08917236328125
-0.79541015625
-0.36199951171875
0.25860595703125
0.02593994140625
-0.64605712890625
0.13043212890625
0.26739501953125
-0.461669921875
-0.3856201171875
-0.2716064453125
0.4178466796875
0.02239990234375
-0.172119140625
0.30657958984375
0.10748291015625
-0.78057861328125
-0.80902099609375
-0.25732421875
-0.314453125
-0.32354736328125
0.0091552734375
0.1138916015625
-0.181640625
-0.2132568359375
-0.20794677734375
0.21136474609375
-0.69500732421875
-0.3485107421875
-0.17919921875
-0.17547607421875
0.14727783203125
-0.33660888671875
0.05230712890625
-0.500732421875
-0.1475830078125
-0.66021728515625
-0.27435302734375
0.72833251953125
0.0035400390625
-0.05328369140625
-0.57562255859375
-0.191162109375
0.16522216796875
-0.19384765625
0.21026611328125
0.096923828125
0.18438720703125
0.01763916015625
-0.11199951171875
-0.56134033203125
-0.25738525390625
-0.27606201171875
-0.164306640625
0.49383544921875
-0.3978271484375
0.3394775390625
-0.2841796875
-0.0799560546875
-0.87249755859375
-0.28485107421875
-6.103515625e-05
-0.6083984375
-0.25946044921875
-0.518798828125
0.47454833984375
0.47161865234375
0.404052734375
-0.19073486328125
-0.40478515625
-0.91387939453125
-1.0194091796875
-0.74639892578125
0.179443359375
-0.08892822265625
-0.7427978515625
0.0653076171875
0.5311279296875
-0.21923828125
-0.11785888671875
-0.51019287109375
-0.0274658203125
-0.51824951171875
-0.06842041015625
-0.04461669921875
-0.10723876953125
-1.423828125
-0.219970703125
-0.14605712890625
-0.00054931640625
0.32049560546875
-0.55108642578125
-0.43438720703125
-1.3682861328125
-0.7008056640625
0.1072998046875
0.40948486328125
0.10455322265625
-0.7908935546875
0.15191650390625
0.03411865234375
-0.5789794921875
-1.2877197265625
0.09112548828125
-0.5982666015625
0.43524169921875
1.16082763671875
-0.198486328125
0.34033203125
-0.98272705078125
0.0906982421875
1.23779296875
-0.34039306640625
0.07037353515625
0.53759765625
0.25567626953125
-0.23004150390625
0.208251953125
0.73138427734375
0.08953857421875
0.79290771484375
0.64923095703125
-0.99188232421875
-0.4774169921875
-0.41204833984375
-0.1058349609375
0.55316162109375
-0.3302001953125
0.49853515625
0.22430419921875
-0.1007080078125
-0.45849609375
-0.5736083984375
-0.93572998046875
0.02178955078125
0.26446533203125
-0.21319580078125
0.287841796875
-0.84454345703125
0.92938232421875
0.526123046875
-0.501953125
0.0640869140625
0.180419921875
-0.55322265625
0.10711669921875
-0.431396484375
-0.7720947265625
-0.49957275390625
0.455810546875
0.1090087890625
-0.4942626953125
-0.359619140625
-0.252685546875
0.098388671875
0.06121826171875
0.22418212890625
-0.315185546875
-0.38555908203125
0.03253173828125
-0.448974609375
-1.0782470703125
-0.6474609375
0.17449951171875
0.25433349609375
-0.67852783203125
-0.32537841796875
0.19866943359375
-0.17437744140625
-1.1314697265625
-0.3521728515625
-0.409423828125
-0.62371826171875
0.30230712890625
-0.1444091796875
-0.08709716796875
-0.61236572265625
-1.12353515625
-0.0496826171875
-0.311767578125
-0.23394775390625
0.38458251953125
-0.67706298828125
-0.65850830078125
-0.26397705078125
-1.3590087890625
-0.235107421875
0.61846923828125
-0.23345947265625
-0.4798583984375
-0.0345458984375
-0.01702880859375
-0.8736572265625
-0.3988037109375
-0.20172119140625
0.20086669921875
-0.2279052734375
0.11309814453125
0.21014404296875
-0.10284423828125
-0.33319091796875
-0.10528564453125
-0.11907958984375
-0.63818359375
-0.045654296875
0.18511962890625
0.27337646484375
-0.32159423828125
-0.4437255859375
0.40985107421875
-0.74102783203125
-0.3575439453125
-0.24005126953125
0.35968017578125
-0.5885009765625
-0.1292724609375
0.1395263671875
-0.587646484375
0.11846923828125
-1.27191162109375
-1.057861328125
0.80389404296875
-0.5994873046875
0.12152099609375
-0.89642333984375
-0.3089599609375
-0.0560302734375
-0.62408447265625
-0.88330078125
-0.31048583984375
-0.48968505859375
-0.1527099609375
-0.345458984375
-0.7606201171875
-0.21331787109375
-0.48297119140625
-0.5843505859375
0.2371826171875
-0.2230224609375
-0.07781982421875
-0.04693603515625
-0.80657958984375
0.4871826171875
-0.411376953125
0.21539306640625
-0.46087646484375
-0.08709716796875
0.8031005859375
0.67730712890625
-0.097412109375
-0.40325927734375
-0.32427978515625
-0.06854248046875
-0.579833984375
-0.5743408203125
-0.35528564453125
-0.021240234375
0.43017578125
0.15423583984375
-0.27899169921875
-0.22467041015625
-0.44390869140625
-0.85821533203125
0.50067138671875
0.138671875
-0.81866455078125
-0.4169921875
-0.51116943359375
-0.2952880859375
0.7578125
1.01995849609375
0.1578369140625
0.36700439453125
-0.91943359375
-0.12841796875
0.458984375
-0.7509765625
-0.64581298828125
-0.1759033203125
0.55340576171875
0.49285888671875
-0.74273681640625
-1.05029296875
0.08551025390625
0.3739013671875
0.11444091796875
-0.13372802734375
-0.4595947265625
-0.21685791015625
0.12213134765625
0.200439453125
0.0819091796875
0.30859375
-0.49066162109375
0.02685546875
-0.23309326171875
-1.31683349609375
0.0081787109375
-1.2325439453125
-0.9302978515625
0.129150390625
0.25634765625
0.1580810546875
0.5023193359375
-0.6553955078125
-0.2259521484375
-0.15167236328125
-0.54852294921875
-0.377685546875
-0.3876953125
-1.10064697265625
-0.17498779296875
0.83544921875
-0.255615234375
0.08636474609375
-0.68011474609375
-0.3575439453125
-0.64385986328125
-0.60833740234375
0.255126953125
-0.00750732421875
0.00689697265625
0.63958740234375
-0.2294921875
-0.40167236328125
0.0791015625
-0.2972412109375
0.3309326171875
0.560546875
-0.44952392578125
-0.31298828125
0.04833984375
-0.395263671875
0.1304931640625
-0.7783203125
0.00347900390625
0.1007080078125
0.3323974609375
-0.53875732421875
-0.17034912109375
-0.186279296875
-0.11041259765625
1.20989990234375
-0.728759765625
0.46783447265625
-0.0999755859375
-0.20050048828125
-0.30560302734375
0.2379150390625
-0.2808837890625
0.36346435546875
-0.59869384765625
-0.9305419921875
-0.34454345703125
0.01251220703125
-0.3970947265625
-0.40460205078125
0.33056640625
-0.22515869140625
0.206787109375
0.2630615234375
0.13519287109375
-0.39794921875
0.12548828125
0.02789306640625
-0.117431640625
-0.5877685546875
-0.6513671875
0.0792236328125
-0.14337158203125
0.2713623046875
-0.49066162109375
-0.31005859375
-0.686767578125
-0.14520263671875
0.04498291015625
-0.25
0.244384765625
0.24578857421875
0.189453125
0.7166748046875
0.45660400390625
0.54083251953125
-0.1251220703125
-0.448974609375
-0.0386962890625
0.13641357421875
0.5753173828125
0.0380859375
0.4915771484375
0.4627685546875
0.0003662109375
-0.1590576171875
-0.04010009765625
-0.89166259765625
0.1016845703125
0.09393310546875
-0.17803955078125
0.11981201171875
0.1142578125
-0.16717529296875
-0.2674560546875
-0.18121337890625
-0.69866943359375
-0.62261962890625
0.11627197265625
-0.01409912109375
0.68402099609375
-0.18701171875
-0.79217529296875
0.22210693359375
-0.124267578125
-0.00482177734375
-0.0882568359375
-0.62921142578125
-0.13714599609375
0.255859375
-0.7659912109375
-0.58746337890625
-0.1226806640625
-0.4315185546875
0.31207275390625
-0.16412353515625
0.263671875
-0.1455078125
-0.09765625
-0.566162109375
0.306396484375
-1.3050537109375
0.01959228515625
0.30426025390625
0.6810302734375
-0.4664306640625
-0.34991455078125
-0.53289794921875
-0.2042236328125
0.3907470703125
0.3720703125
0.31591796875
-0.2882080078125
-0.51556396484375
-1.34130859375
0.06671142578125
1.08740234375
-0.495849609375
0.11492919921875
-0.1512451171875
0.1136474609375
-1.2119140625
-0.483154296875
-0.54443359375
0.398681640625
-1.357421875
-0.251708984375
0.82666015625
0.073974609375
0.0726318359375
-1.37225341796875
-0.01513671875
1.27392578125
-0.0316162109375
-1.2034912109375
0.6387939453125
-0.3499755859375
-1.27581787109375
0.405029296875
0.3896484375
-1.1920166015625
0.16827392578125
-0.13043212890625
-0.68914794921875
-0.59478759765625
-0.6676025390625
-0.47564697265625
0.3427734375
0.07489013671875
0.64239501953125
0.1884765625
-1.39813232421875
-1.1199951171875
-0.50494384765625
-0.49169921875
-0.31768798828125
-0.29925537109375
-0.38519287109375
-0.45721435546875
1.1273193359375
0.8912353515625
0.00238037109375
-1.1650390625
0.82696533203125
0.47296142578125
-0.76458740234375
0.13909912109375
-0.69073486328125
-0.42681884765625
0.3009033203125
0.3128662109375
0.16033935546875
0.44427490234375
-0.497314453125
-0.3690185546875
-0.01959228515625
-0.4158935546875
-0.01824951171875
0.6279296875
-0.0113525390625
-0.05810546875
0.08843994140625
-0.05682373046875
-0.525634765625
-0.54791259765625
0.15667724609375
-0.16351318359375
0.77581787109375
0.28570556640625
-0.669677734375
-0.61663818359375
-0.08209228515625
0.17059326171875
0.33660888671875
0.1619873046875
-0.68865966796875
-0.59417724609375
1.1937255859375
-0.52593994140625
-0.04693603515625
-0.67425537109375
-0.06878662109375
0.4991455078125
0.6329345703125
-0.03631591796875
0.30780029296875
0.3363037109375
-0.09326171875
0.004150390625
-0.314697265625
-0.4862060546875
0.32220458984375
-0.12353515625
-0.572021484375
0.3341064453125
0.000244140625
-0.24853515625
0.36163330078125
-1.0263671875
-0.3294677734375
-0.43695068359375
-0.7926025390625
0.06494140625
-0.17926025390625
-0.2298583984375
-0.2213134765625
-0.04266357421875
-0.55670166015625
-0.4207763671875
0.21881103515625
0.00146484375
-0.5748291015625
0.405517578125
-0.61224365234375
0.21429443359375
0.22137451171875
0.048095703125
-0.52154541015625
0.28692626953125
-0.72576904296875
0.38824462890625
0.7574462890625
-0.69989013671875
-0.31719970703125
-0.1864013671875
-0.737548828125
0.02093505859375
0.417236328125
0.35467529296875
-0.4228515625
-0.53778076171875
-0.22406005859375
0.07379150390625
-0.4598388671875
0.0526123046875
0.1077880859375
0.08148193359375
0.30377197265625
-0.6697998046875
-0.497314453125
-0.77569580078125
-0.41162109375
-0.44012451171875
0.10015869140625
-0.746826171875
0.087890625
-0.42169189453125
-0.123291015625
0.244384765625
0.403076171875
0.0155029296875
-0.33636474609375
-0.0904541015625
0.15887451171875
0.43084716796875
0.23187255859375
-0.769775390625
-0.11566162109375
0.49151611328125
0.2430419921875
-0.232177734375
-0.41864013671875
-0.23590087890625
0.36541748046875
0.04803466796875
-0.7060546875
-0.6866455078125
0.0736083984375
1.34686279296875
0.7235107421875
0.3359375
0.4935302734375
-0.16644287109375
-0.29931640625
-0.37213134765625
-0.908447265625
0.4937744140625
0.1439208984375
-0.1993408203125
1.257080078125
-0.75152587890625
-0.24530029296875
-0.57891845703125
0.1796875
-0.22100830078125
-0.08258056640625
-1.0360107421875
0.11395263671875
-1.4705810546875
-0.17059326171875
-0.915283203125
-0.4189453125
0.53472900390625
-0.45098876953125
-0.4862060546875
-0.28692626953125
-0.69415283203125
-1.0181884765625
-0.4405517578125
-0.71685791015625
0.16558837890625
0.56695556640625
0.2750244140625
-0.4560546875
-1.11859130859375
0.28533935546875
-0.4617919921875
-0.43609619140625
-0.04888916015625
-0.736328125
0.2593994140625
-0.28497314453125
-0.0509033203125
-0.27886962890625
-0.99688720703125
-0.23931884765625
-0.30474853515625
-0.092041015625
-0.07098388671875
-0.45526123046875
-0.927490234375
0.046142578125
-1.110595703125
0.36041259765625
0.29693603515625
-0.58837890625
0.02716064453125
-0.24755859375
-0.859375
-0.1396484375
0.4423828125
0.46820068359375
0.60333251953125
0.35211181640625
-0.3382568359375
-0.13580322265625
-0.01800537109375
-0.32379150390625
0.035888671875
0.26202392578125
-0.10931396484375
0.23193359375
0.2288818359375
-0.7401123046875
0.72021484375
-0.00506591796875
-0.0858154296875
-0.162841796875
0.10076904296875
0.03875732421875
0.0357666015625
-0.40625
-0.8365478515625
1.08197021484375
0.42791748046875
-0.295654296875
0.46527099609375
-0.12542724609375
-0.854736328125
-0.05059814453125
0.14459228515625
0.1484375
-1.02484130859375
-0.18096923828125
-0.406982421875
-0.46478271484375
-0.21917724609375
-0.2410888671875
-0.560791015625
-0.1011962890625
-0.4169921875
-0.3233642578125
-0.98284912109375
-0.5833740234375
0.517333984375
-0.4818115234375
0.23590087890625
0.2305908203125
-0.32147216796875
-0.15777587890625
-0.96588134765625
-0.044677734375
-0.20703125
-0.35833740234375
-1.1092529296875
-0.5059814453125
0.0191650390625
-0.58929443359375
0.08343505859375
-0.2928466796875
0.26275634765625
-0.208740234375
-0.272705078125
-0.85894775390625
-0.021240234375
-0.6864013671875
0.08544921875
-0.46746826171875
0.5665283203125
-0.1385498046875
-0.116455078125
-0.26678466796875
0.05975341796875
-0.6409912109375
-0.50421142578125
-0.0904541015625
-0.2308349609375
-0.3408203125
0.47064208984375
-0.3341064453125
-0.00103759765625
0.27044677734375
0.07147216796875
-0.453125
0.42071533203125
0.17315673828125
-0.57061767578125
0.24945068359375
-0.01171875
-0.2677001953125
0.29656982421875
0.57855224609375
0.20343017578125
-0.13824462890625
-0.36065673828125
-0.15264892578125
0.00274658203125
-0.9368896484375
-0.05523681640625
0.186279296875
-0.23846435546875
0.37030029296875
0.4053955078125
-0.95782470703125
-1.0377197265625
0.03021240234375
0.776123046875
-0.2982177734375
-0.7947998046875
-0.64739990234375
-1.15069580078125
-0.33251953125
-0.3795166015625
1.3150634765625
-0.06488037109375
-0.62738037109375
0.3057861328125
0.06610107421875
0.20245361328125
-0.10296630859375
-0.7203369140625
-1.1201171875
1.1533203125
0.78338623046875
-0.49591064453125
-0.13226318359375
-0.117919921875
-1.452392578125
-0.30517578125
-0.68060302734375
-0.6951904296875
-0.5484619140625
-0.0294189453125
0.27850341796875
0.53765869140625
-0.22198486328125
-1.552001953125
0.72149658203125
-0.57568359375
0.49896240234375
-0.57763671875
-0.0986328125
-0.234375
-0.2520751953125
-0.185546875
-0.09857177734375
0.2259521484375
-0.97625732421875
-1.1934814453125
-0.4471435546875
-0.118896484375
0.78875732421875
-0.3748779296875
0.42926025390625
0.50091552734375
0.1356201171875
2.13421630859375
0.87060546875
-0.93670654296875
0.17083740234375
-0.6007080078125
0.47625732421875
0.49945068359375
-1.46826171875
0.30706787109375
0.4171142578125
0.1641845703125
-0.1251220703125
0.1717529296875
-0.93878173828125
-0.90704345703125
-0.6080322265625
-0.1671142578125
0.28131103515625
-0.630859375
-0.09576416015625
0.15289306640625
0.1988525390625
-0.46990966796875
0.14068603515625
0.2939453125
-0.51409912109375
0.20538330078125
-0.80938720703125
0.204833984375
-0.23541259765625
0.33624267578125
-0.2879638671875
-0.24920654296875
-0.40460205078125
-0.05902099609375
-0.4451904296875
-0.320556640625
-0.44061279296875
-0.068115234375
-0.0283203125
-1.28753662109375
-0.1217041015625
-0.7843017578125
-0.356201171875
-0.5379638671875
-0.0294189453125
0.068603515625
-0.375244140625
0.0511474609375
0.64874267578125
-0.56390380859375
-0.28955078125
0.24615478515625
-0.346435546875
-0.5887451171875
0.06390380859375
0.2916259765625
-0.32098388671875
-0.28607177734375
-0.33599853515625
-0.4735107421875
-0.7188720703125
-0.16217041015625
0.0181884765625
0.40386962890625
0.3631591796875
-0.63671875
-0.14935302734375
-0.33599853515625
-0.5843505859375
0.10723876953125
-0.15576171875
0.065673828125
0.010986328125
-0.46612548828125
-0.6829833984375
-0.17120361328125
0.36761474609375
0.14337158203125
0.26336669921875
-0.37548828125
0.3760986328125
0.45538330078125
-0.6702880859375
-0.49395751953125
0.11553955078125
0.56884765625
0.32830810546875
-0.20062255859375
-0.9752197265625
-0.20635986328125
-0.46368408203125
-0.39794921875
0.849365234375
-0.65496826171875
0.30218505859375
0.47076416015625
0.26885986328125
-0.1126708984375
-0.23114013671875
-0.684326171875
-0.42352294921875
0.40069580078125
-0.3226318359375
-0.6307373046875
0.07281494140625
-0.88623046875
-0.39013671875
0.170166015625
0.4930419921875
-0.05816650390625
-0.4356689453125
0.40423583984375
-0.49896240234375
-0.3123779296875
-0.8702392578125
-0.30572509765625
-0.135986328125
0.7391357421875
0.49774169921875
-0.3868408203125
-0.32952880859375
-1.08648681640625
0.032470703125
0.08642578125
-0.91778564453125
-0.1217041015625
0.24017333984375
-0.32928466796875
0.0982666015625
0.726806640625
0.849609375
-0.6590576171875
-0.47967529296875
-0.0419921875
0.1832275390625
-0.1925048828125
-0.96868896484375
-0.570068359375
-0.46942138671875
-0.2237548828125
0.1650390625
0.2552490234375
-0.1416015625
-0.7294921875
-0.151611328125
0.454833984375
-0.36224365234375
-0.52398681640625
-0.28448486328125
0.33197021484375
-0.37432861328125
-0.11077880859375
0.3349609375
-0.281494140625
0.61834716796875
0.806884765625
-0.4185791015625
0.04388427734375
-0.33746337890625
-0.76446533203125
0.36822509765625
0.61376953125
-0.10772705078125
-0.313720703125
-1.17816162109375
-0.75048828125
0.11773681640625
-0.197265625
-0.364990234375
-0.68475341796875
-0.27008056640625
0.32177734375
-0.40692138671875
1.33355712890625
0.50115966796875
-1.2406005859375
-0.17205810546875
-0.115478515625
0.05743408203125
-0.93292236328125
-0.85687255859375
0.70367431640625
0.20941162109375
-0.216064453125
0.639404296875
0.33447265625
-0.1495361328125
-0.64654541015625
0.19866943359375
-0.5933837890625
-0.21484375
-0.01617431640625
0.552734375
-0.2369384765625
-0.28106689453125
-0.11895751953125
-0.49151611328125
-0.7335205078125
-1.17291259765625
0.3311767578125
0.56170654296875
-0.179443359375
-0.894287109375
0.12225341796875
0.38690185546875
0.2559814453125
0.5408935546875
-0.68682861328125
0.1865234375
1.20098876953125
0.709228515625
-0.35009765625
-0.9251708984375
-0.55755615234375
-0.17852783203125
-0.14813232421875
0.65472412109375
0.66033935546875
-0.141357421875
-0.07794189453125
-0.16552734375
0.589599609375
0.30303955078125
-0.175537109375
0.45458984375
-0.2781982421875
-0.19769287109375
-0.53021240234375
-0.47100830078125
0.23681640625
0.5147705078125
0.0555419921875
-0.13922119140625
0.351318359375
-0.055419921875
0.0606689453125
-0.2724609375
0.220703125
0.0140380859375
0.0595703125
-0.1494140625
-0.33123779296875
0.237060546875
0.33013916015625
0.62835693359375
-0.8076171875
0.1373291015625
-0.0958251953125
0.12469482421875
-0.332275390625
-0.02532958984375
0.11822509765625
0.09051513671875
0.08526611328125
-0.36083984375
-0.1575927734375
-0.5999755859375
-0.54229736328125
0.468017578125
0.4158935546875
-0.025390625
-0.751953125
-0.02923583984375
-0.74188232421875
0.35528564453125
-0.1143798828125
-0.09979248046875
-0.50567626953125
-0.26019287109375
0.18670654296875
-0.186279296875
-0.5386962890625
0.22918701171875
-0.17724609375
-0.0020751953125
0.0372314453125
0.18829345703125
-0.2156982421875
-0.671142578125
0.13885498046875
-0.29437255859375
-0.22271728515625
-0.1092529296875
-0.82916259765625
-0.22509765625
-0.1995849609375
-0.23016357421875
-0.50994873046875
0.11309814453125
0.43975830078125
-0.50604248046875
-1.01104736328125
-1.25439453125
-0.14013671875
-0.46160888671875
-0.1781005859375
-0.26556396484375
-0.76495361328125
-0.62054443359375
-1.08026123046875
-0.9886474609375
0.06915283203125
0.70562744140625
0.12225341796875
-0.88763427734375
-0.10308837890625
0.3170166015625
0.07635498046875
-0.24871826171875
-0.16973876953125
0.08404541015625
-0.5572509765625
0.30072021484375
-0.632568359375
0.34661865234375
-0.229736328125
0.5098876953125
0.5880126953125
-0.507080078125
-0.14093017578125
0.10504150390625
0.23321533203125
0.66668701171875
-0.35601806640625
0.35870361328125
0.662353515625
0.366455078125
0.067626953125
-1.138671875
-0.4610595703125
-0.57208251953125
0.43597412109375
0.3568115234375
0.7322998046875
0.19635009765625
0.82763671875
-0.4539794921875
-1.2257080078125
0.09228515625
0.10162353515625
0.19390869140625
-0.4755859375
-0.06414794921875
0.1541748046875
0.198486328125
1.06048583984375
0.4072265625
-0.6644287109375
-0.241455078125
0.3341064453125
-0.03033447265625
-0.23016357421875
-0.23590087890625
-0.280029296875
-0.08648681640625
-0.24090576171875
0.25537109375
0.186279296875
-0.41558837890625
-0.64697265625
-0.73455810546875
-0.50811767578125
0.13555908203125
-0.66796875
0.01580810546875
-0.16217041015625
0.34613037109375
0.19488525390625
0.1500244140625
-0.764892578125
-0.23699951171875
-0.402099609375
-0.11322021484375
-0.29864501953125
-0.06298828125
0.30621337890625
0.3101806640625
-0.18798828125
-0.50909423828125
-0.28118896484375
-0.62811279296875
-0.41241455078125
-0.3765869140625
0.2462158203125
-0.2381591796875
0.08245849609375
0.0120849609375
0.5240478515625
-0.395263671875
-0.4295654296875
0.47296142578125
0.01171875
-0.38946533203125
-0.42962646484375
0.08795166015625
-0.541015625
0.05755615234375
0.1617431640625
0.3184814453125
0.62982177734375
0.58587646484375
0.02960205078125
-0.24285888671875
-0.56756591796875
0.19464111328125
0.05267333984375
0.04730224609375
0.06036376953125
0.225341796875
0.16265869140625
-0.014892578125
-0.387451171875
0.273681640625
0.5294189453125
-0.10626220703125
0.11761474609375
0.4044189453125
-0.15283203125
-0.02838134765625
-0.3958740234375
-0.9024658203125
0.24041748046875
-0.58477783203125
-0.8135986328125
-0.20513916015625
0.1563720703125
0.1923828125
-0.0313720703125
-0.1112060546875
-0.2542724609375
-0.41668701171875
0.0206298828125
0.10198974609375
-0.05877685546875
0.07537841796875
-0.903076171875
-0.6622314453125
0.351318359375
-0.41729736328125
-0.29925537109375
-0.66534423828125
-0.4334716796875
-0.24456787109375
0.6072998046875
-0.71295166015625
-0.05718994140625
-0.7716064453125
-0.59991455078125
0.1202392578125
0.33599853515625
-0.14801025390625
0.0484619140625
-0.279052734375
-0.76531982421875
-0.330078125
0.31903076171875
0.3653564453125
-0.41143798828125
-0.239013671875
-1.02825927734375
-0.3878173828125
-0.04693603515625
-0.21881103515625
1.18731689453125
0.021240234375
-1.02923583984375
-0.36053466796875
0.104248046875
-0.80853271484375
-0.54931640625
0.263427734375
-0.21258544921875
-0.3092041015625
-0.482421875
-0.693115234375
1.28875732421875
-0.04876708984375
-0.63543701171875
-0.3221435546875
-0.39697265625
0.53070068359375
-0.02056884765625
-1.01031494140625
0.14306640625
0.052001953125
0.059326171875
0.07476806640625
0.26300048828125
-0.6888427734375
0.2174072265625
0.63568115234375
0.88897705078125
0.39837646484375
-0.25006103515625
-0.111572265625
0.3251953125
0.05230712890625
-1.07757568359375
0.43212890625
-1.04071044921875
0.3455810546875
-0.15655517578125
-0.03106689453125
-0.0194091796875
-0.7635498046875
-0.92657470703125
-0.0184326171875
-0.1109619140625
0.20654296875
0.61932373046875
-0.556884765625
-0.98529052734375
-0.26611328125
-0.16668701171875
0.16363525390625
-0.41241455078125
-0.831298828125
-0.18157958984375
0.59844970703125
0.31671142578125
0.3076171875
-0.63330078125
-0.373779296875
0.2457275390625
0.0634765625
-0.26373291015625
-0.3707275390625
-0.28094482421875
0.22711181640625
0.3963623046875
-0.25323486328125
-0.48699951171875
-0.06329345703125
0.14093017578125
0.55535888671875
0.19384765625
0.20111083984375
-0.2664794921875
-0.1693115234375
-1.04486083984375
0.19012451171875
-0.445068359375
-0.0826416015625
-0.483642578125
-0.53314208984375
-0.01202392578125
-0.35205078125
-0.285400390625
-0.18975830078125
0.0615234375
-0.26416015625
-0.28759765625
0.03582763671875
-0.51983642578125
-0.5078125
0.37823486328125
0.658203125
0.14031982421875
0.0584716796875
-0.91650390625
0.315185546875
0.62579345703125
0.22406005859375
0.39288330078125
0.048828125
0.3292236328125
0.06951904296875
0.17938232421875
0.14520263671875
-0.41510009765625
-0.85040283203125
0.57171630859375
-0.30096435546875
-0.223876953125
-0.734375
-0.77703857421875
-0.3739013671875
0.12530517578125
0.43359375
-0.96539306640625
-0.17523193359375
-0.15826416015625
-0.5350341796875
0.48876953125
-0.34423828125
-0.178955078125
-0.15380859375
-0.1083984375
0.02154541015625
-0.24859619140625
-0.717041015625
0.056396484375
-0.40777587890625
0.32635498046875
-0.46533203125
0.26611328125
0.02813720703125
-0.38507080078125
0.19573974609375
-0.1947021484375
-0.326171875
0.03875732421875
-0.17181396484375
-0.07281494140625
-0.28070068359375
-0.3275146484375
-0.21246337890625
0.12939453125
-0.0367431640625
-0.08514404296875
-0.3114013671875
-0.2176513671875
0.1170654296875
0.03143310546875
0.98504638671875
0.21697998046875
0.92425537109375
0.5699462890625
0.082275390625
0.05426025390625
0.31072998046875
-0.5560302734375
0.51739501953125
-0.37237548828125
-0.10894775390625
-0.52734375
0.65521240234375
0.08807373046875
0.52972412109375
-0.5418701171875
0.7847900390625
-0.1363525390625
-0.14996337890625
0.11138916015625
-0.35528564453125
-0.24395751953125
0.4864501953125
0.53955078125
-0.1363525390625
-0.08599853515625
0.4285888671875
0.8150634765625
0.6241455078125
0.27667236328125
-0.08489990234375
-0.4993896484375
0.013916015625
-1.15252685546875
0.78045654296875
0.96875
-0.0006103515625
-0.5010986328125
-0.08721923828125
0.215087890625
0.24591064453125
-0.28741455078125
-0.65582275390625
0.28564453125
0.837890625
0.54095458984375
-0.04931640625
-0.3568115234375
-0.65069580078125
-0.62841796875
-0.037841796875
-0.3626708984375
-0.6783447265625
-0.4896240234375
0.38720703125
1.2529296875
0.5333251953125
-0.55078125
1.04443359375
-0.61114501953125
0.2520751953125
1.2369384765625
-1.75982666015625
-0.0947265625
-0.05853271484375
-0.00506591796875
0.0576171875
1.19354248046875
1.23809814453125
-0.37457275390625
-0.266845703125
-0.56280517578125
0.50775146484375
-0.26239013671875
-0.01336669921875
0.7198486328125
-1.16998291015625
-0.15142822265625
1.24542236328125
0.3189697265625
-0.38592529296875
-0.387939453125
-0.7666015625
0.44891357421875
-0.5777587890625
-0.77838134765625
-0.33709716796875
-0.27349853515625
-0.17498779296875
0.7042236328125
-0.1053466796875
0.1680908203125
-0.19189453125
-0.1307373046875
0.37713623046875
0.08953857421875
0.18951416015625
-0.59521484375
0.047119140625
0.37847900390625
0.1251220703125
-0.05657958984375
-0.49896240234375
-0.22137451171875
-0.22027587890625
0.96051025390625
0.68389892578125
-0.21893310546875
-0.3094482421875
-0.0985107421875
-0.88519287109375
0.23699951171875
-0.33111572265625
-0.29437255859375
0.35906982421875
0.181396484375
-0.30194091796875
-0.2269287109375
-0.29364013671875
0.76080322265625
-0.29876708984375
0.19329833984375
-0.148193359375
0.29278564453125
-0.21112060546875
-0.5732421875
-0.24078369140625
-0.392333984375
-0.455078125
-0.9632568359375
-0.39599609375
0.58111572265625
-0.65118408203125
-0.02862548828125
-0.4376220703125
-0.07342529296875
-0.11883544921875
-0.29400634765625
-0.13726806640625
-0.1939697265625
-0.92822265625
-0.85626220703125
-0.06097412109375
-0.5712890625
0.52642822265625
-0.4947509765625
0.02337646484375
-0.32379150390625
0.25286865234375
0.1190185546875
-0.7052001953125
-0.469970703125
0.1046142578125
-0.51568603515625
0.05487060546875
-0.3529052734375
0.0592041015625
0.12554931640625
0.46600341796875
-0.60980224609375
-0.37060546875
-0.431884765625
-0.1671142578125
0.10089111328125
-0.3297119140625
-0.4356689453125
-0.22137451171875
0.46099853515625
-0.4322509765625
0.21295166015625
0.18048095703125
-0.39886474609375
-0.01715087890625
-0.449951171875
0.29351806640625
-0.08013916015625
0.234619140625
-0.0528564453125
-0.33892822265625
0.85394287109375
-0.03814697265625
-0.04473876953125
-0.22247314453125
0.2958984375
0.536865234375
0.47003173828125
-0.60235595703125
0.438232421875
0.83746337890625
0.1820068359375
0.289306640625
0.04248046875
0.12109375
0.1761474609375
0.39215087890625
0.309326171875
0.2977294921875
-0.6690673828125
-0.83074951171875
-0.46697998046875
0.26214599609375
0.19696044921875
-0.1380615234375
-0.05426025390625
-0.4578857421875
-1.20684814453125
-0.55181884765625
0.36480712890625
0.88494873046875
-0.38092041015625
-0.33526611328125
0.25799560546875
0.0504150390625
-0.98956298828125
-0.54046630859375
-0.33795166015625
-0.05938720703125
0.27825927734375
0.4608154296875
0.14410400390625
-0.14813232421875
-0.768798828125
-0.537841796875
-0.24371337890625
-0.4364013671875
-1.24468994140625
-0.65155029296875
-0.13812255859375
1.0703125
-0.80926513671875
-1.04656982421875
0.33624267578125
0.0457763671875
-0.1634521484375
0.32672119140625
-0.83740234375
-0.3551025390625
-0.22943115234375
-1.03155517578125
0.67578125
0.48260498046875
0.83929443359375
0.052734375
-0.50384521484375
-1.4139404296875
-0.78424072265625
0.1396484375
-0.274169921875
0.37353515625
-0.697998046875
-1.01055908203125
1.24884033203125
-0.366455078125
-0.22515869140625
-0.4451904296875
0.16009521484375
0.12701416015625
0.111572265625
-0.06915283203125
-0.1346435546875
0.4742431640625
-0.0330810546875
0.48602294921875
0.18145751953125
-0.360107421875
-0.3994140625
-0.49908447265625
-0.484130859375
-1.0281982421875
-0.42132568359375
-0.249267578125
-0.41107177734375
0.35418701171875
-0.3138427734375
0.1412353515625
-0.34100341796875
0.52880859375
0.0408935546875
0.26861572265625
-0.01922607421875
-0.7586669921875
0.5142822265625
0.45831298828125
-0.240234375
0.70037841796875
0.471435546875
-0.1827392578125
-0.291259765625
0.4798583984375
0.49310302734375
0.14434814453125
-0.79193115234375
-0.7147216796875
-0.23431396484375
-0.17169189453125
-0.0137939453125
-0.2049560546875
0.13922119140625
-0.1812744140625
-0.0989990234375
-0.088134765625
-1.03631591796875
-0.39044189453125
0.47882080078125
0.583251953125
0.45281982421875
-0.50238037109375
-0.095703125
-0.40753173828125
-0.13214111328125
-0.80828857421875
0.05218505859375
0.06610107421875
-1.050537109375
0.18798828125
-0.16143798828125
-0.46240234375
0.445068359375
-0.47381591796875
-0.149169921875
-0.2720947265625
-0.33660888671875
0.87884521484375
-0.07794189453125
-0.58197021484375
0.114013671875
0.1068115234375
-0.77392578125
-0.1466064453125
-0.3441162109375
-0.3043212890625
-0.94769287109375
-0.4407958984375
-0.6434326171875
-0.645263671875
-0.486328125
-0.39410400390625
-0.2412109375
-0.0372314453125
0.221435546875
-0.06182861328125
-0.81573486328125
0.53338623046875
-0.342041015625
0.43853759765625
0.2008056640625
0.16607666015625
0.23345947265625
-0.03009033203125
-0.3890380859375
-0.0927734375
0.55218505859375
-0.144287109375
-0.54449462890625
-0.05670166015625
-0.370849609375
-1.13623046875
-0.63934326171875
0.06884765625
-0.155517578125
0.27301025390625
-0.0450439453125
0.71026611328125
0.18011474609375
-0.17889404296875
0.14923095703125
-1.02337646484375
0.089599609375
0.13592529296875
-0.14984130859375
-0.05267333984375
-0.37384033203125
-0.64349365234375
-0.39129638671875
-0.13531494140625
0.018310546875
0.3895263671875
-0.38525390625
-0.85498046875
-0.4410400390625
-0.71771240234375
0.70458984375
0.51727294921875
-0.292236328125
-0.283203125
-0.63214111328125
0.442138671875
-0.20068359375
-0.43914794921875
-0.331298828125
-0.02154541015625
-0.50811767578125
0.3575439453125
0.47174072265625
-0.05767822265625
-0.98040771484375
-0.44024658203125
0.8946533203125
-2.10137939453125
-2.07305908203125
0.9488525390625
0.54986572265625
0.0792236328125
0.1788330078125
-0.50872802734375
0.21795654296875
0.65087890625
-0.799560546875
-0.22601318359375
-0.43499755859375
-0.66192626953125
0.925048828125
-0.08551025390625
-1.2984619140625
0.0318603515625
0.123779296875
-0.89080810546875
0.6634521484375
-1.099609375
-0.46044921875
0.34588623046875
-0.7926025390625
-1.04278564453125
0.42724609375
0.655029296875
0.57843017578125
-0.09271240234375
-0.65972900390625
0.15472412109375
0.32177734375
-1.25616455078125
-0.20697021484375
-0.70703125
0.602294921875
0.78314208984375
-0.51507568359375
-0.5924072265625
-0.39093017578125
0.03912353515625
0.36199951171875
-0.66217041015625
-0.73431396484375
0.275390625
0.39666748046875
-0.40985107421875
-0.60101318359375
0.00177001953125
-0.7032470703125
0.50567626953125
0.07330322265625
-0.34991455078125
-0.29736328125
0.54193115234375
-1.06768798828125
0.76690673828125
-0.03985595703125
-0.2137451171875
0.43707275390625
-0.2144775390625
0.1319580078125
-0.34521484375
-0.59356689453125
-0.05426025390625
0.09893798828125
-0.5872802734375
0.39654541015625
-0.396728515625
-0.2281494140625
0.09320068359375
-0.57818603515625
0.29498291015625
0.28643798828125
-0.11334228515625
-0.35107421875
0.1282958984375
-0.79144287109375
-0.4561767578125
0.26263427734375
0.1761474609375
-0.376708984375
-0.341064453125
-1.0535888671875
-0.3128662109375
0.20452880859375
0.28594970703125
-0.8897705078125
-0.46484375
-0.2060546875
-0.04449462890625
0.5030517578125
-0.05126953125
-0.50262451171875
0.141845703125
-0.01593017578125
-0.3690185546875
0.07659912109375
-0.884033203125
0.1651611328125
-0.2261962890625
-0.19805908203125
0.51141357421875
0.2965087890625
-0.2825927734375
0.0767822265625
0.00421142578125
-0.81024169921875
-0.407958984375
-0.13104248046875
0.04296875
0.664794921875
0.534423828125
0.008056640625
-0.26995849609375
-0.64910888671875
0.1563720703125
0.00372314453125
0.23541259765625
0.0789794921875
0.030029296875
-0.7291259765625
0.00946044921875
-0.1832275390625
-0.664794921875
-0.0550537109375
-0.24591064453125
-0.11029052734375
-0.38507080078125
-0.87646484375
0.611572265625
-0.4354248046875
-0.67578125
-0.50885009765625
-0.73583984375
-0.47723388671875
0.4501953125
0.3653564453125
-0.41510009765625
0.245361328125
-0.83160400390625
-0.10711669921875
0.11761474609375
0.0352783203125
-0.84149169921875
0.69537353515625
-0.17730712890625
-1.23175048828125
0.1846923828125
-0.2403564453125
0.12835693359375
0.5787353515625
0.42352294921875
-0.24462890625
-0.45684814453125
-1.32647705078125
0.5267333984375
1.7347412109375
0.1087646484375
-0.287353515625
0.156494140625
-0.07110595703125
-0.12701416015625
0.3599853515625
-0.6339111328125
-0.5845947265625
0.2354736328125
0.4873046875
0.79132080078125
-0.614013671875
-0.95257568359375
-0.53582763671875
0.0843505859375
-0.414306640625
0.21502685546875
-0.34027099609375
0.0736083984375
1.1065673828125
0.76885986328125
-1.4609375
-0.06524658203125
0.432861328125
-0.47601318359375
0.5413818359375
-0.447265625
-0.2457275390625
-0.17083740234375
-0.44598388671875
-0.4957275390625
0.57366943359375
1.1849365234375
0.33856201171875
-0.1123046875
-1.38702392578125
0.01751708984375
0.0821533203125
-0.82159423828125
-0.21685791015625
-0.3543701171875
0.083984375
1.2333984375
0.50103759765625
-0.68402099609375
-1.22393798828125
0.3328857421875
0.04608154296875
-0.48785400390625
-0.30450439453125
0.0072021484375
-0.50531005859375
0.1181640625
0.60693359375
0.1605224609375
-0.33953857421875
-0.47607421875
-1.06451416015625
0.36590576171875
0.313720703125
0.1185302734375
-0.59344482421875
-0.61968994140625
0.229248046875
0.3487548828125
0.32666015625
-0.8367919921875
0.53082275390625
-0.039794921875
-0.5216064453125
0.7623291015625
0.1375732421875
0.262939453125
-0.51953125
-0.0870361328125
-0.54473876953125
0.48126220703125
0.3599853515625
0.52130126953125
-0.07391357421875
-0.14111328125
-0.0150146484375
0.1015625
-0.09381103515625
0.673095703125
0.06365966796875
-0.03472900390625
-0.046875
0.2379150390625
0.27191162109375
-0.4906005859375
-0.07861328125
-0.69708251953125
0.2215576171875
0.09515380859375
-0.24713134765625
0.76849365234375
0.28387451171875
0.68658447265625
-0.28399658203125
-0.01593017578125
0.00653076171875
-0.056396484375
-0.442626953125
-0.4698486328125
-0.64044189453125
-0.0357666015625
0.1851806640625
-0.80621337890625
-0.53839111328125
-0.29913330078125
-0.135009765625
0.37689208984375
0.34759521484375
0.0638427734375
0.02398681640625
-0.0958251953125
0.12603759765625
-0.0677490234375
-0.95538330078125
-0.214599609375
0.13018798828125
-0.495361328125
-0.35821533203125
0.4063720703125
-0.12432861328125
-0.37481689453125
0.10052490234375
0.10791015625
0.45758056640625
0.12799072265625
-0.13116455078125
-0.302001953125
-0.80206298828125
-0.20281982421875
-0.34228515625
-0.15545654296875
0.02117919921875
-1.0655517578125
0.06842041015625
-0.58282470703125
0.0599365234375
-0.767578125
-0.1165771484375
-0.59649658203125
-0.75115966796875
0.1871337890625
-0.59783935546875
-0.47216796875
-0.06878662109375
-0.38623046875
0.17669677734375
-0.96209716796875
-0.2603759765625
-0.57354736328125
-0.1710205078125
-0.80657958984375
-0.15655517578125
-0.3221435546875
-0.14599609375
0.2943115234375
0.10614013671875
-0.60693359375
-0.553466796875
-0.01580810546875
0.8720703125
0.43792724609375
0.70147705078125
0.3280029296875
-0.9984130859375
-0.5880126953125
-0.82598876953125
-0.0172119140625
0.76080322265625
0.2060546875
-0.1214599609375
0.06829833984375
0.20849609375
0.0159912109375
-0.42242431640625
-0.33428955078125
-0.27337646484375
1.16571044921875
0.47882080078125
0.6612548828125
0.618408203125
-1.4141845703125
-0.49371337890625
0.03216552734375
-1.4237060546875
-0.65667724609375
-0.0517578125
0.14276123046875
1.3297119140625
0.4854736328125
-0.67156982421875
-0.091796875
0.53118896484375
-0.9554443359375
0.19287109375
-0.020263671875
-0.03564453125
-0.0166015625
-0.774169921875
-0.12518310546875
0.1068115234375
0.6925048828125
0.7183837890625
-0.10076904296875
-0.89434814453125
0.65533447265625
-0.337646484375
-0.1114501953125
-0.25628662109375
-0.730712890625
0.3348388671875
1.23712158203125
-0.19659423828125
-1.35443115234375
0.15814208984375
0.42266845703125
0.480712890625
0.054931640625
-0.82080078125
-0.1939697265625
-0.32275390625
-0.1954345703125
0.3497314453125
-0.7913818359375
-0.68280029296875
0.12103271484375
-0.72021484375
-0.9976806640625
-0.37823486328125
0.1199951171875
0.51678466796875
-0.2325439453125
-0.0469970703125
0.349609375
-0.753173828125
0.28509521484375
0.506591796875
-0.233154296875
-0.4107666015625
0.525146484375
0.33892822265625
-0.1025390625
-0.00067138671875
-0.1978759765625
-0.2178955078125
0.10430908203125
0.15008544921875
0.27728271484375
-0.1015625
-0.713623046875
0.15118408203125
0.75
-0.12835693359375
-0.5125732421875
0.38348388671875
0.55377197265625
-0.3153076171875
-0.21295166015625
-0.32244873046875
0.27923583984375
0.428955078125
-0.4332275390625
-0.5751953125
-0.15753173828125
-0.271240234375
0.630859375
-0.07232666015625
0.19036865234375
0.12127685546875
0.50714111328125
-0.30810546875
-0.63726806640625
0.18890380859375
-0.38018798828125
-0.357421875
0.65301513671875
-0.50689697265625
-0.298095703125
0.00286865234375
-0.19305419921875
0.0567626953125
-0.14251708984375
-0.11529541015625
0.14501953125
0.0089111328125
-0.3115234375
0.17742919921875
0.03875732421875
1.1439208984375
0.22412109375
0.28448486328125
0.16680908203125
0.1959228515625
0.01287841796875
-0.2220458984375
-0.22198486328125
0.03167724609375
0.38970947265625
-0.50634765625
-0.230224609375
0.214111328125
-0.46630859375
0.00311279296875
0.44354248046875
1.11822509765625
-0.0654296875
-0.10943603515625
-0.536865234375
-0.92987060546875
0.36962890625
-0.5926513671875
0.057861328125
-0.72210693359375
-0.14501953125
-0.82904052734375
-0.824462890625
-0.31195068359375
-0.10198974609375
-0.5457763671875
-0.0675048828125
-0.2200927734375
-0.10986328125
-0.09027099609375
-0.87139892578125
0.1346435546875
-0.55926513671875
0.21673583984375
0.13336181640625
0.12640380859375
-0.015869140625
0.264892578125
-0.600830078125
-0.25848388671875
-1.01129150390625
0.69903564453125
1.2725830078125
-0.88018798828125
-0.84515380859375
-0.18505859375
-0.20867919921875
0.42327880859375
-0.01885986328125
0.44085693359375
0.75738525390625
0.27947998046875
-0.011474609375
0.06195068359375
-1.14501953125
-0.29779052734375
0.14996337890625
0.2503662109375
-0.03070068359375
0.23095703125
-1.00634765625
-0.997802734375
0.11822509765625
-0.194091796875
-0.1922607421875
-0.4691162109375
0.2896728515625
0.252685546875
0.2518310546875
-0.8160400390625
1.2540283203125
-0.1427001953125
0.53631591796875
0.973388671875
-0.56103515625
-0.61322021484375
-0.4586181640625
0.13037109375
-0.45892333984375
-0.33404541015625
0.642333984375
0.92327880859375
-0.35394287109375
-1.3370361328125
0.05377197265625
-0.0662841796875
0.082275390625
-0.26116943359375
-1.320068359375
-0.32318115234375
0.3756103515625
0.32177734375
0.25567626953125
-0.769775390625
0.00860595703125
-0.16705322265625
-0.48284912109375
0.1070556640625
-0.4302978515625
-0.9588623046875
0.34661865234375
-0.2626953125
0.606201171875
-0.2606201171875
-0.0087890625
0.4083251953125
0.28564453125
-0.2900390625
0.0775146484375
-0.28619384765625
0.24609375
-0.5987548828125
0.09503173828125
0.1455078125
-0.02642822265625
-0.089599609375
-0.62213134765625
-0.04290771484375
-0.54107666015625
-0.89080810546875
-1.26300048828125
-0.3345947265625
-0.33843994140625
-0.7685546875
0.0673828125
0.4642333984375
-0.04168701171875
-0.19903564453125
0.07781982421875
0.08636474609375
-0.08245849609375
0.055908203125
-0.12664794921875
-0.23333740234375
-0.1851806640625
0.10504150390625
0.1888427734375
0.36029052734375
-0.594970703125
-0.7476806640625
-0.1627197265625
-0.6727294921875
-0.81298828125
-0.35467529296875
-0.116455078125
0.02911376953125
-0.28973388671875
0.131591796875
0.14788818359375
0.24578857421875
-0.06591796875
-0.27264404296875
-0.7071533203125
-0.57098388671875
-0.74310302734375
-0.22869873046875
-0.25091552734375
-0.07965087890625
0.38543701171875
-0.2535400390625
-0.01812744140625
-0.07183837890625
0.20916748046875
0.55889892578125
-0.05694580078125
-0.2374267578125
0.158203125
0.08355712890625
-0.4166259765625
-0.82373046875
-0.60992431640625
0.4566650390625
0.572265625
-0.23358154296875
-0.13848876953125
0.1234130859375
-0.20159912109375
-0.211181640625
0.38092041015625
-0.14093017578125
0.3531494140625
-0.4852294921875
-0.7208251953125
-0.40478515625
-0.02642822265625
-0.16741943359375
0.235107421875
-0.297607421875
-0.74932861328125
-0.2481689453125
-0.6990966796875
0.51055908203125
-0.50579833984375
0.39886474609375
0.59893798828125
0.26275634765625
-0.58172607421875
-0.4246826171875
0.0068359375
-0.02764892578125
-0.837158203125
-0.06787109375
0.04986572265625
-0.23236083984375
0.4124755859375
0.47216796875
0.44769287109375
-0.24951171875
0.19976806640625
0.12689208984375
-0.58087158203125
-1.3193359375
-0.1103515625
0.08758544921875
0.275390625
0.30023193359375
0.7293701171875
0.4443359375
-0.46478271484375
-1.590087890625
0.68426513671875
1.22186279296875
0.22576904296875
0.09027099609375
0.211669921875
1.024169921875
-0.29241943359375
-0.36444091796875
-0.5701904296875
-0.589111328125
1.30584716796875
1.12127685546875
-0.94415283203125
-0.1173095703125
-0.35540771484375
-1.77484130859375
-0.510009765625
-0.9639892578125
-0.15472412109375
0.0137939453125
-0.10858154296875
-0.173828125
0.7064208984375
-0.62152099609375
-0.51654052734375
-0.38909912109375
-0.5589599609375
0.4312744140625
1.15869140625
-0.32470703125
-0.739990234375
0.32586669921875
-0.48382568359375
0.1778564453125
0.91326904296875
-0.09405517578125
-0.386474609375
-0.3370361328125
-0.04412841796875
-0.18511962890625
-0.11865234375
-0.6036376953125
-0.05853271484375
-0.4345703125
1.08087158203125
0.1629638671875
-0.99346923828125
-0.5322265625
0.0360107421875
-0.48193359375
-0.3572998046875
0.39666748046875
-1.12762451171875
0.0439453125
0.90478515625
0.01483154296875
-0.0831298828125
-0.57977294921875
-0.62152099609375
-0.338623046875
0.16644287109375
-0.40716552734375
-0.02008056640625
0.20208740234375
0.132080078125
0.07855224609375
0.2786865234375
-0.258544921875
0.3409423828125
0.19622802734375
-0.42425537109375
-0.70404052734375
0.7142333984375
-0.18084716796875
-0.38848876953125
0.33709716796875
-0.317626953125
0.6494140625
1.01019287109375
-0.4879150390625
-0.16259765625
-0.02496337890625
0.09197998046875
0.0693359375
0.08160400390625
-0.95330810546875
0.1690673828125
0.3028564453125
-0.3719482421875
0.02301025390625
-0.1590576171875
-0.08251953125
-0.3135986328125
0.224609375
-0.0406494140625
-0.57012939453125
0.1259765625
-0.310302734375
0.237060546875
0.84014892578125
-0.30133056640625
-0.05126953125
-0.04632568359375
-0.3624267578125
-0.288330078125
-0.63238525390625
-0.4381103515625
0.5521240234375
-0.16766357421875
-0.8594970703125
-0.1763916015625
-0.4832763671875
-0.0360107421875
0.151611328125
-1.08966064453125
0.2471923828125
0.43804931640625
-0.1529541015625
-0.7762451171875
0.8348388671875
-0.590087890625
-0.1263427734375
-0.448974609375
0.02618408203125
-0.14678955078125
-0.230712890625
-0.02630615234375
-0.2890625
0.01287841796875
-0.7001953125
0.15838623046875
-0.30487060546875
-0.874267578125
-0.26654052734375
0.21417236328125
-0.11016845703125
-0.15301513671875
0.927490234375
0.15484619140625
-0.11309814453125
-0.28204345703125
-0.54742431640625
-0.0050048828125
0.00897216796875
0.0068359375
0.71588134765625
-0.24017333984375
0.052490234375
-0.13323974609375
-0.57720947265625
-0.4713134765625
0.1156005859375
-0.383056640625
-0.19512939453125
0.12847900390625
-0.1533203125
0.1390380859375
0.344970703125
-0.56103515625
-0.12640380859375
-0.78076171875
-0.1287841796875
0.21484375
0.08831787109375
-1.01556396484375
-0.83978271484375
-0.20849609375
-0.08612060546875
-0.0294189453125
-0.60498046875
-0.02178955078125
0.14666748046875
-0.17626953125
-0.5968017578125
-0.55169677734375
-0.60626220703125
0.30364990234375
0.11224365234375
0.13018798828125
-0.9700927734375
-0.49786376953125
0.06402587890625
-0.089599609375
-0.0283203125
-0.12060546875
-0.36578369140625
0.44140625
1.12640380859375
-1.996337890625
-0.41107177734375
0.920654296875
-0.9674072265625
-0.55859375
-0.04376220703125
-0.32171630859375
-0.02764892578125
0.0753173828125
-0.71044921875
-0.14227294921875
-0.4140625
0.36553955078125
-0.46868896484375
-0.054443359375
-0.5205078125
-0.88671875
-0.23126220703125
0.19952392578125
0.77362060546875
-0.38494873046875
-0.35870361328125
-0.43951416015625
-0.7921142578125
-0.5665283203125
0.44940185546875
0.30999755859375
-0.27069091796875
0.12188720703125
0.08154296875
0.885498046875
0.37750244140625
-0.4398193359375
-0.03424072265625
-0.0482177734375
0.0264892578125
0.07342529296875
-0.35284423828125
-0.66412353515625
0.28997802734375
0.2774658203125
-0.4735107421875
-0.41424560546875
-0.61016845703125
-0.4644775390625
-0.8956298828125
-0.03070068359375
-0.451171875
0.04150390625
-0.5406494140625
0.23406982421875
0.370849609375
0.0750732421875
-0.26251220703125
-0.037841796875
0.46588134765625
0.00042724609375
-0.20941162109375
0.19915771484375
0.10357666015625
-0.480712890625
0.35443115234375
0.17828369140625
-0.02215576171875
0.18023681640625
-0.34881591796875
-0.69842529296875
-0.17437744140625
0.30462646484375
-0.32928466796875
0.06378173828125
-0.4193115234375
-0.02215576171875
0.04449462890625
-0.036865234375
-0.271240234375
0.38165283203125
0.4404296875
-0.93243408203125
0.44964599609375
-0.105224609375
-0.8746337890625
0.146240234375
-0.3011474609375
-0.8797607421875
-0.175537109375
0.4058837890625
0.47705078125
-0.76953125
-0.411376953125
-0.0247802734375
-0.834716796875
-0.4931640625
-0.12152099609375
-0.40576171875
-0.21783447265625
0.28564453125
-0.2451171875
-0.05853271484375
-0.0643310546875
-0.58319091796875
-0.00897216796875
-0.38153076171875
0.1361083984375
-0.43145751953125
0.29119873046875
0.30438232421875
0.58673095703125
0.23297119140625
-0.5274658203125
0.017578125
-0.576171875
-0.40557861328125
-0.03460693359375
-0.83416748046875
-0.28277587890625
0.0789794921875
0.03924560546875
0.45477294921875
0.4561767578125
-0.34942626953125
-0.19818115234375
-0.1558837890625
0.057373046875
-0.013916015625
0.167724609375
0.56195068359375
0.1234130859375
-0.0323486328125
-0.18670654296875
0.39910888671875
0.394287109375
0.17425537109375
-0.30975341796875
-0.41748046875
-0.0384521484375
0.14892578125
0.309814453125
0.080322265625
-0.29266357421875
-0.27618408203125
-0.17626953125
-0.0015869140625
-0.040283203125
-0.25079345703125
0.41796875
0.36968994140625
0.220703125
0.28338623046875
-0.08990478515625
-0.92913818359375
0.25543212890625
0.7906494140625
-0.35540771484375
-0.1142578125
0.36517333984375
-0.23138427734375
-1.247802734375
-0.080322265625
0.83746337890625
0.02740478515625
0.44781494140625
0.27972412109375
0.71826171875
-0.11181640625
0.04119873046875
-1.0302734375
-0.09246826171875
-0.622314453125
-0.03265380859375
0.50689697265625
-0.546142578125
-0.0843505859375
-0.71923828125
0.721923828125
1.13385009765625
-0.87493896484375
-0.48724365234375
0.22607421875
0.212158203125
-0.0418701171875
-1.2440185546875
-0.1485595703125
1.07867431640625
-0.3836669921875
-0.00994873046875
-0.1119384765625
-0.77569580078125
-0.32025146484375
-0.92132568359375
-0.48406982421875
-0.181640625
0.32073974609375
1.5137939453125
-0.3890380859375
-1.462158203125
-0.47161865234375
-0.54669189453125
0.49200439453125
-0.2642822265625
-0.39166259765625
0.11529541015625
0.4364013671875
0.5126953125
0.03192138671875
-1.3804931640625
-0.22869873046875
0.1455078125
-0.26385498046875
-0.59686279296875
-0.10650634765625
0.5423583984375
-0.23577880859375
0.096435546875
0.3902587890625
-0.47869873046875
-0.2674560546875
-0.74090576171875
-0.17120361328125
-0.12908935546875
0.04071044921875
-0.20379638671875
-0.1165771484375
0.0472412109375
0.48785400390625
0.08697509765625
-0.04107666015625
0.23077392578125
-0.47113037109375
-0.0703125
0.12872314453125
-0.24432373046875
-0.10272216796875
0.38958740234375
-0.0340576171875
-0.6044921875
-0.1392822265625
0.45770263671875
-0.00152587890625
-0.68426513671875
0.3929443359375
-0.54461669921875
-0.2476806640625
-0.83038330078125
0.28045654296875
0.52960205078125
-0.04144287109375
-0.37933349609375
0.0814208984375
-0.37646484375
0.01824951171875
0.134033203125
-0.51995849609375
0.08587646484375
-0.08099365234375
0.1375732421875
-0.13299560546875
-0.1943359375
-0.1607666015625
-0.08892822265625
-0.25311279296875
0.04736328125
-0.951904296875
-0.80279541015625
-0.23602294921875
-0.5364990234375
-0.4310302734375
-0.505615234375
-0.42205810546875
-0.41387939453125
-0.27593994140625
-0.12640380859375
-0.2664794921875
-0.20623779296875
-0.3536376953125
-0.92047119140625
0.4691162109375
-0.49066162109375
-0.530029296875
0.062744140625
-0.0625
-0.25030517578125
-0.16436767578125
-0.0340576171875
-0.6746826171875
0.16864013671875
-0.3758544921875
-0.435302734375
0.6177978515625
0.400146484375
0.72052001953125
-0.336669921875
-0.096435546875
0.26123046875
0.19805908203125
0.7049560546875
-0.11614990234375
-0.06695556640625
0.30120849609375
-0.2310791015625
-0.38128662109375
0.5810546875
-0.387451171875
0.08428955078125
0.294921875
-0.13470458984375
0.37945556640625
0.11395263671875
-0.173095703125
-0.41558837890625
0.64324951171875
0.11737060546875
0.00506591796875
0.16754150390625
0.4791259765625
-0.53302001953125
-0.06890869140625
0.143798828125
-0.32635498046875
0.1695556640625
0.38739013671875
0.4334716796875
0.3355712890625
-0.67041015625
-0.5751953125
0.34918212890625
0.65032958984375
0.70257568359375
-0.0452880859375
0.21923828125
0.17071533203125
-1.3345947265625
-0.3035888671875
0.6824951171875
0.7288818359375
-0.18951416015625
-1.47796630859375
-0.26043701171875
-0.46954345703125
-0.4189453125
-0.55206298828125
-0.47235107421875
-0.5631103515625
-0.40704345703125
1.13983154296875
-0.6654052734375
-1.4786376953125
-0.1728515625
0.55914306640625
-0.2755126953125
0.37646484375
0.16387939453125
-0.80841064453125
0.40093994140625
-0.37762451171875
-0.41644287109375
0.09637451171875
-0.741455078125
0.53472900390625
0.5517578125
-1.48345947265625
0.5714111328125
-0.07135009765625
-1.67919921875
0.878662109375
1.81121826171875
0.10565185546875
-0.02984619140625
-0.947998046875
-0.55859375
0.33721923828125
-0.8973388671875
0.4586181640625
-0.0130615234375
-1.3126220703125
0.46331787109375
-0.57904052734375
0.0208740234375
1.09539794921875
-1.08746337890625
-1.10198974609375
0.42864990234375
0.293701171875
-0.48138427734375
-1.068115234375
0.046875
-0.250244140625
-0.06658935546875
-0.31488037109375
0.3585205078125
-0.3968505859375
-0.07110595703125
-0.343994140625
0.12158203125
-0.292724609375
-0.13385009765625
0.09393310546875
-0.42462158203125
0.49139404296875
0.1771240234375
-0.01788330078125
0.516357421875
-0.95184326171875
-0.3828125
-0.41973876953125
-0.63861083984375
-0.1563720703125
-0.46307373046875
0.60589599609375
-0.47491455078125
-0.38836669921875
-0.77581787109375
0.16204833984375
-0.264892578125
0.72186279296875
-0.015625
-0.384521484375
-0.66815185546875
-0.32025146484375
-0.40740966796875
0.8321533203125
-0.4639892578125
-0.9656982421875
-0.0284423828125
-0.26898193359375
-0.24725341796875
-0.740478515625
-0.500244140625
-0.37030029296875
0.7164306640625
0.10601806640625
-0.4605712890625
-0.13726806640625
0.44195556640625
0.34344482421875
-0.80181884765625
-0.36334228515625
-0.0823974609375
0.18817138671875
0.12164306640625
0.51910400390625
-0.59539794921875
-0.4278564453125
-0.51275634765625
0.40081787109375
-0.50152587890625
-0.72784423828125
-0.1610107421875
-0.731201171875
-0.71710205078125
-0.43475341796875
-0.442626953125
0.27691650390625
0.34515380859375
-0.24041748046875
-0.2545166015625
-0.46759033203125
-0.0318603515625
-0.70477294921875
-0.92498779296875
-0.686279296875
-0.64093017578125
-0.13037109375
0.67816162109375
0.0150146484375
-0.3079833984375
-0.03607177734375
0.65350341796875
-1.22662353515625
-0.4041748046875
-0.7801513671875
-0.51318359375
-0.20770263671875
-0.04852294921875
-0.522705078125
-0.59686279296875
-0.80767822265625
0.133544921875
-1.10028076171875
-0.340576171875
0.7464599609375
0.6829833984375
0.250244140625
-0.054931640625
-0.64324951171875
-0.25518798828125
0.45928955078125
0.01849365234375
0.36663818359375
-0.2877197265625
0.52459716796875
-0.0723876953125
-0.8345947265625
0.02496337890625
0.0501708984375
-0.33221435546875
-0.0069580078125
-0.07666015625
-0.58984375
-0.3919677734375
0.48638916015625
-0.5804443359375
-0.39971923828125
0.3995361328125
-0.09124755859375
-0.86407470703125
-0.13873291015625
0.20465087890625
0.49420166015625
0.3521728515625
-0.64031982421875
0.17572021484375
0.11004638671875
-0.2198486328125
-1.538330078125
-0.58807373046875
-0.180419921875
-0.30706787109375
0.37353515625
-0.38446044921875
-0.15106201171875
-0.782470703125
-0.58758544921875
0.59466552734375
0.148681640625
-0.0230712890625
-0.17742919921875
0.7579345703125
-0.25787353515625
-0.46319580078125
-0.3734130859375
0.1575927734375
-0.137451171875
0.24822998046875
-0.89111328125
0.63299560546875
-0.62725830078125
0.04132080078125
-0.2772216796875
-0.666015625
1.22076416015625
0.55279541015625
-1.3919677734375
-1.40545654296875
-0.11297607421875
-1.07568359375
-0.26898193359375
0.28326416015625
-0.00592041015625
0.09332275390625
-0.166259765625
0.59771728515625
0.2349853515625
-0.85223388671875
0.19549560546875
0.260009765625
-0.5440673828125
-0.77996826171875
-0.45367431640625
0.44390869140625
-0.481689453125
-0.3857421875
0.29302978515625
0.1026611328125
-0.6839599609375
0.0787353515625
0.28399658203125
-0.7352294921875
-0.02899169921875
0.50762939453125
-0.030029296875
-0.51092529296875
0.63037109375
-0.754150390625
-0.5135498046875
0.43023681640625
0.11090087890625
0.1697998046875
-0.9586181640625
-0.17578125
0.28814697265625
0.42120361328125
0.62835693359375
0.38720703125
-0.453369140625
-0.27838134765625
0.231201171875
0.182861328125
0.07379150390625
0.62139892578125
0.03814697265625
0.21185302734375
-0.0662841796875
-0.12628173828125
0.01910400390625
0.1162109375
0.73333740234375
-0.73974609375
-0.06512451171875
-0.0833740234375
-0.18792724609375
0.2567138671875
-0.36676025390625
-0.16845703125
0.443603515625
-0.47760009765625
-0.9339599609375
0.29248046875
0.6644287109375
-0.5518798828125
-0.26397705078125
-0.033203125
-0.28326416015625
0.0279541015625
-0.41748046875
0.63525390625
-0.10546875
-0.1614990234375
0.71380615234375
-0.427490234375
-0.87933349609375
-0.1588134765625
0.36138916015625
0.21746826171875
0.185302734375
0.35614013671875
-0.2703857421875
-0.7198486328125
-1.09912109375
-0.149658203125
0.21923828125
-0.320068359375
-0.12945556640625
-0.98370361328125
-0.357666015625
0.60760498046875
-0.23651123046875
-0.483642578125
0.06414794921875
-0.164306640625
-0.33758544921875
-1.3724365234375
0.11578369140625
-0.576904296875
-0.3043212890625
0.16107177734375
-0.03973388671875
-0.08233642578125
0.1583251953125
0.17816162109375
-0.04119873046875
-0.22430419921875
-0.03143310546875
-0.80474853515625
0.0494384765625
-0.79803466796875
-0.4588623046875
-0.40924072265625
-0.2608642578125
-0.5465087890625
0.52081298828125
-0.95001220703125
-0.4573974609375
-0.20208740234375
-0.41021728515625
0.14776611328125
0.50628662109375
0.72332763671875
-0.11492919921875
-0.4560546875
-0.2698974609375
-0.35565185546875
0.16876220703125
-0.0587158203125
-0.19573974609375
0.22760009765625
-0.82861328125
-0.7576904296875
-0.7265625
0.48089599609375
0.08465576171875
0.050048828125
0.58544921875
0.69940185546875
0.2471923828125
-1.22247314453125
-0.8267822265625
-0.321533203125
0.25970458984375
-0.533203125
-0.11456298828125
0.35198974609375
-0.15948486328125
-0.1778564453125
0.4561767578125
0.1202392578125
0.1624755859375
-0.2919921875
0.12530517578125
0.03704833984375
0.287841796875
-0.39166259765625
-0.0941162109375
0.1956787109375
-0.21197509765625
0.95367431640625
-0.76007080078125
-0.1954345703125
-0.2261962890625
-1.033447265625
0.13043212890625
0.12139892578125
-0.06768798828125
0.16845703125
-0.098388671875
-0.55810546875
0.4112548828125
-0.2303466796875
-0.17333984375
0.018798828125
-1.463623046875
0.80780029296875
-0.3935546875
-0.31732177734375
0.49920654296875
-0.881591796875
0.05194091796875
-0.3485107421875
-0.88983154296875
0.0255126953125
-0.58837890625
0.09564208984375
0.197509765625
0.09307861328125
0.0289306640625
0.093994140625
-0.046630859375
-0.17376708984375
-0.845458984375
-0.00299072265625
-0.34039306640625
0.1649169921875
0.6072998046875
0.148681640625
-0.1988525390625
-0.36676025390625
-0.1068115234375
-0.11297607421875
0.12493896484375
-0.33612060546875
-0.3924560546875
-0.78375244140625
0.19561767578125
-0.82415771484375
-0.83209228515625
-0.38250732421875
-0.0389404296875
-0.52667236328125
-0.0262451171875
-0.188232421875
0.17156982421875
-0.285888671875
0.1134033203125
-0.3272705078125
0.06732177734375
0.17071533203125
0.01739501953125
-0.6339111328125
-0.497802734375
0.94647216796875
0.14849853515625
-0.04034423828125
-0.5225830078125
-0.113525390625
-0.4842529296875
0.1512451171875
-0.5020751953125
0.13128662109375
0.0479736328125
0.57366943359375
0.30609130859375
-0.2647705078125
-0.17742919921875
0.03125
-0.08953857421875
0.22052001953125
0.00531005859375
0.1531982421875
-0.54150390625
-0.4296875
0.38958740234375
-0.545654296875
0.19964599609375
0.38330078125
0.138427734375
0.2132568359375
-1.12457275390625
-0.3499755859375
0.075927734375
-0.04913330078125
0.2015380859375
0.00567626953125
-0.31634521484375
0.8388671875
0.190673828125
-0.37847900390625
-0.49810791015625
-0.5992431640625
-0.10235595703125
-0.0184326171875
-0.19671630859375
-0.15838623046875
0.017578125
-0.48828125
-0.35577392578125
0.24749755859375
-0.12139892578125
-0.77130126953125
-0.70770263671875
-0.816162109375
-0.41845703125
0.47900390625
0.335693359375
-0.72894287109375
-0.50238037109375
-0.47412109375
-0.52960205078125
-0.496337890625
-1.05963134765625
-0.1595458984375
-0.59417724609375
0.0997314453125
-0.66644287109375
-0.09222412109375
-0.33563232421875
-0.70867919921875
-0.35577392578125
-0.10638427734375
-0.4864501953125
-0.297607421875
0.3687744140625
1.15484619140625
0.36248779296875
-0.755615234375
0.2901611328125
0.18255615234375
-1.16864013671875
-0.47186279296875
0.2574462890625
-1.38909912109375
-0.7586669921875
-0.472900390625
0.45379638671875
0.7947998046875
0.12506103515625
-0.44287109375
0.0614013671875
0.43267822265625
0.8533935546875
0.59027099609375
-0.81982421875
-1.3353271484375
-0.13836669921875
0.0003662109375
0.4854736328125
0.0029296875
-0.67193603515625
-0.39031982421875
0.07904052734375
-0.54766845703125
0.017333984375
0.18011474609375
0.005615234375
0.2650146484375
-0.17523193359375
-0.10357666015625
0.154052734375
0.064208984375
0.83843994140625
0.06182861328125
-0.949951171875
-0.324951171875
-0.550048828125
-0.8048095703125
0.5035400390625
0.32391357421875
0.4287109375
0.8004150390625
-0.923583984375
-0.6656494140625
0.5584716796875
-0.71014404296875
0.01837158203125
-0.450439453125
-0.27288818359375
-0.96380615234375
0.010986328125
0.75750732421875
0.00994873046875
0.069091796875
-0.89923095703125
-0.6385498046875
-0.2373046875
-0.61962890625
-0.48101806640625
-0.38055419921875
0.31884765625
0.09185791015625
-0.01043701171875
-0.248779296875
-0.6812744140625
-1.1973876953125
0.450927734375
-0.442138671875
-0.3638916015625
0.02154541015625
-0.49151611328125
0.0814208984375
0.00616455078125
0.306396484375
0.064697265625
-0.1279296875
0.08172607421875
-0.745361328125
-0.37432861328125
-0.633544921875
0.15179443359375
-0.29632568359375
-0.0904541015625
-0.33001708984375
-0.4671630859375
0.19647216796875
0.51641845703125
0.3011474609375
0.4293212890625
0.3345947265625
-0.36798095703125
-0.29864501953125
-0.4188232421875
0.23468017578125
0.42242431640625
0.3677978515625
0.22210693359375
-0.01190185546875
0.095458984375
0.11846923828125
-0.3231201171875
0.41461181640625
0.22674560546875
0.1563720703125
0.27197265625
-0.26116943359375
0.31622314453125
-0.44537353515625
-0.48797607421875
-0.14404296875
0.7412109375
-0.15020751953125
-1.015869140625
-0.275390625
-0.06719970703125
-0.3184814453125
-0.06414794921875
-0.37530517578125
0.25079345703125
0.5872802734375
-1.071533203125
-0.35272216796875
0.25775146484375
-0.35809326171875
-0.30224609375
0.16473388671875
-0.17510986328125
0.17437744140625
-0.54742431640625
-0.21661376953125
0.466796875
0.02276611328125
0.11676025390625
0.453125
-0.5355224609375
-0.62255859375
0.59503173828125
0.22796630859375
-0.30682373046875
-0.123779296875
-0.54937744140625
-0.44183349609375
0.15447998046875
-0.318603515625
0.46710205078125
-0.0023193359375
-0.80194091796875
0.25909423828125
-0.26800537109375
-0.23236083984375
-0.1275634765625
0.59332275390625
0.11962890625
-0.2066650390625
-0.02581787109375
-0.494140625
-0.8275146484375
0.58209228515625
0.3848876953125
0.52099609375
-0.229736328125
-0.417236328125
-0.0982666015625
0.522216796875
0.0205078125
-1.0771484375
-0.32666015625
0.04400634765625
-0.387939453125
0.850830078125
0.21026611328125
-0.3463134765625
0.68255615234375
0.38201904296875
0.779052734375
0.33697509765625
-0.0902099609375
0.36138916015625
-0.40185546875
-0.21240234375
0.1741943359375
1.56878662109375
0.06475830078125
-0.624267578125
-0.1844482421875
0.2655029296875
0.04144287109375
-0.86016845703125
-0.31103515625
-0.41644287109375
0.2978515625
0.103759765625
0.2415771484375
0.222900390625
-0.85321044921875
-0.6312255859375
0.023681640625
-0.6055908203125
0.1646728515625
-0.50286865234375
0.41650390625
-0.00872802734375
0.51190185546875
0.345458984375
-0.50396728515625
-0.66644287109375
0.3609619140625
1.02166748046875
0.0784912109375
-0.1373291015625
-0.56671142578125
0.4781494140625
1.46307373046875
-0.011474609375
0.1641845703125
0.71075439453125
-0.334228515625
-0.7431640625
1.08837890625
0.560791015625
0.10089111328125
0.37139892578125
-0.72344970703125
-0.4547119140625
1.58270263671875
0.1695556640625
-0.82818603515625
-0.3670654296875
-0.44647216796875
0.05609130859375
-0.1116943359375
-0.69512939453125
-0.39892578125
-0.6494140625
0.32916259765625
-0.48638916015625
0.788818359375
-0.12139892578125
0.45562744140625
-0.0740966796875
-0.4730224609375
0.39385986328125
-0.33380126953125
-0.24066162109375
-0.81927490234375
0.08477783203125
-0.23406982421875
-0.516357421875
-0.32574462890625
-0.64874267578125
-0.33331298828125
-0.26629638671875
0.95611572265625
-0.22052001953125
-0.26904296875
0.28057861328125
-0.3724365234375
-1.08184814453125
-0.02850341796875
0.06622314453125
-0.7142333984375
-0.329833984375
-0.576416015625
-0.1361083984375
0.1212158203125
0.0721435546875
-0.712890625
-0.16534423828125
0.22613525390625
0.16912841796875
-0.3275146484375
0.02532958984375
-0.0914306640625
0.66259765625
-0.8271484375
-1.08673095703125
0.14520263671875
0.25537109375
0.0048828125
0.199951171875
-0.66845703125
-0.17230224609375
0.14117431640625
-0.28594970703125
-0.0887451171875
-0.5045166015625
-0.2117919921875
-0.94696044921875
0.31622314453125
-0.27813720703125
-0.4287109375
0.10870361328125
-0.57537841796875
-0.20306396484375
-0.348388671875
-0.499755859375
-0.4560546875
0.3599853515625
0.0555419921875
0.04937744140625
0.29022216796875
0.469970703125
0.794677734375
0.1046142578125
-0.43878173828125
0.00567626953125
0.435302734375
0.37957763671875
-0.7850341796875
-0.230712890625
0.40350341796875
0.0272216796875
0.686279296875
-0.11968994140625
-0.1871337890625
-0.20574951171875
-0.47552490234375
0.35467529296875
-0.31268310546875
-0.48419189453125
-0.404052734375
0.0257568359375
0.47918701171875
0.788330078125
0.5113525390625
-0.06781005859375
-0.17913818359375
-0.742919921875
0.9495849609375
-0.2484130859375
-0.23089599609375
-0.0313720703125
-0.6461181640625
0.6142578125
0.19659423828125
-0.25445556640625
0.325927734375
0.023681640625
-0.732666015625
0.51300048828125
-0.526123046875
-0.3603515625
0.34368896484375
-1.3101806640625
-0.54400634765625
-0.6177978515625
-0.5118408203125
-0.12744140625
0.17431640625
-0.56793212890625
-1.1612548828125
-0.7999267578125
-0.371337890625
0.99114990234375
0.59600830078125
-0.13287353515625
-0.4609375
-0.3004150390625
0.2655029296875
-0.68939208984375
-1.13531494140625
0.01190185546875
-0.77874755859375
-0.34356689453125
0.3426513671875
-0.44903564453125
-0.30389404296875
-1.46612548828125
-0.15887451171875
0.6728515625
-0.2940673828125
0.033935546875
-0.46807861328125
0.90216064453125
0.8621826171875
-0.21575927734375
-0.42193603515625
0.01776123046875
-0.1488037109375
-0.29962158203125
-0.47686767578125
-0.7264404296875
-1.1650390625
-0.255859375
-1.03778076171875
0.4713134765625
0.30889892578125
0.60882568359375
-0.61541748046875
-0.22021484375
-0.85406494140625
-0.9039306640625
0.18682861328125
0.05133056640625
-0.73016357421875
-0.54180908203125
-0.3214111328125
0.29937744140625
-0.49578857421875
-0.710693359375
0.1746826171875
0.1524658203125
-0.647216796875
0.71478271484375
-0.8712158203125
-0.0733642578125
0.042724609375
-0.51318359375
-0.036376953125
-0.17236328125
-0.0107421875
-0.137939453125
0.28094482421875
0.2581787109375
0.24169921875
0.09881591796875
0.0936279296875
-0.086181640625
-0.00787353515625
-0.95361328125
-0.34783935546875
0.08721923828125
-0.05755615234375
-0.865478515625
-0.51995849609375
-0.93798828125
0.28936767578125
-0.4962158203125
0.41326904296875
-0.0665283203125
0.51605224609375
0.46722412109375
-0.04052734375
-0.5516357421875
-0.38671875
-0.0238037109375
-0.1844482421875
0.06854248046875
-1.03289794921875
-0.15264892578125
-0.0087890625
0.496826171875
-0.34893798828125
-0.65869140625
-0.2138671875
-0.1041259765625
-0.65582275390625
-0.98956298828125
-0.19537353515625
-0.48443603515625
-0.13104248046875
0.0452880859375
-0.18719482421875
0.07403564453125
0.42730712890625
-0.3389892578125
-0.4583740234375
-1.10028076171875
-0.54522705078125
0.088623046875
-0.1610107421875
-0.2275390625
-0.2763671875
0.21649169921875
0.20489501953125
-0.69854736328125
-0.09283447265625
-0.57635498046875
-0.24359130859375
-0.3905029296875
0.17974853515625
-0.34454345703125
-1.03948974609375
-0.2745361328125
-0.88226318359375
-0.1119384765625
-0.19061279296875
-1.00079345703125
-0.4769287109375
-0.4189453125
0.19580078125
0.4520263671875
-0.02276611328125
0.2607421875
-0.134765625
0.0867919921875
0.2327880859375
0.12506103515625
0.2801513671875
0.2115478515625
-0.29925537109375
0.45074462890625
-0.15460205078125
-0.24420166015625
0.0263671875
0.12518310546875
0.27227783203125
-0.68853759765625
0.08544921875
0.23248291015625
-0.09429931640625
0.101806640625
-0.51318359375
-0.80926513671875
-0.146240234375
0.51153564453125
-0.0430908203125
0.12445068359375
0.07666015625
-0.71722412109375
0.2657470703125
-0.766845703125
-0.73394775390625
-0.66864013671875
-0.3648681640625
0.2884521484375
0.1624755859375
-0.87005615234375
-0.13043212890625
0.06512451171875
-0.75762939453125
-0.09759521484375
0.139404296875
-0.35162353515625
-0.68951416015625
-0.64703369140625
-1.06597900390625
0.743896484375
0.01202392578125
0.179443359375
0.18328857421875
0.0355224609375
-0.39337158203125
-0.828857421875
-1.12060546875
0.1328125
0.8355712890625
0.02313232421875
0.3848876953125
-0.0850830078125
-1.50616455078125
-0.684326171875
0.68658447265625
-1.30615234375
-2.28070068359375
-0.14581298828125
0.22515869140625
-0.5445556640625
0.30126953125
-0.75384521484375
-0.1268310546875
0.4632568359375
0.21551513671875
-0.49871826171875
0.0792236328125
-0.3741455078125
0.11285400390625
0.162109375
-0.18511962890625
0.77581787109375
0.2921142578125
-0.32904052734375
0.1729736328125
-1.21075439453125
0.32830810546875
0.24053955078125
0.41998291015625
0.2781982421875
-0.26519775390625
0.009765625
0.0462646484375
-0.69732666015625
0.08685302734375
1.46441650390625
0.16973876953125
0.2886962890625
-0.310546875
-0.57958984375
0.90142822265625
0.11212158203125
-0.44696044921875
-0.38140869140625
-0.66455078125
0.238525390625
0.19775390625
-0.98321533203125
-0.0496826171875
0.41802978515625
-0.7652587890625
-0.510009765625
-0.083984375
-0.02252197265625
0.00494384765625
-0.08660888671875
-0.22589111328125
0.31719970703125
-0.2659912109375
-0.26544189453125
0.0076904296875
0.06201171875
0.341552734375
-0.06109619140625
-0.57879638671875
-0.00958251953125
-0.44378662109375
0.18780517578125
-0.49072265625
-0.49041748046875
0.16864013671875
-0.17144775390625
0.16815185546875
-0.45367431640625
-0.10491943359375
-0.3699951171875
-0.223388671875
0.27423095703125
-0.32421875
-0.26715087890625
-0.5887451171875
-0.574462890625
-0.25048828125
-0.20867919921875
0.30859375
-0.67755126953125
-0.51129150390625
0.14190673828125
-0.59613037109375
0.4840087890625
-0.53851318359375
-0.26031494140625
-0.02947998046875
-0.26025390625
0.61737060546875
-0.31317138671875
0.08270263671875
-1.0201416015625
-0.1429443359375
-0.2425537109375
-0.44427490234375
-0.51385498046875
-0.62799072265625
-0.257080078125
-0.658447265625
-0.25225830078125
-0.38543701171875
-0.466552734375
-0.1827392578125
0.17877197265625
0.3524169921875
0.6650390625
0.02215576171875
-0.6551513671875
-0.10028076171875
-0.2017822265625
-0.0948486328125
0.30401611328125
0.24725341796875
0.00054931640625
0.145263671875
0.10028076171875
-0.0841064453125
0.0181884765625
0.03277587890625
0.48504638671875
-0.201171875
-0.2474365234375
0.081298828125
0.51007080078125
-0.7166748046875
-0.52227783203125
-0.36639404296875
-0.1217041015625
-0.53253173828125
0.15960693359375
-0.33050537109375
0.276123046875
-0.30462646484375
-0.35552978515625
-0.0015869140625
-0.56915283203125
-0.52618408203125
-0.05078125
-0.08453369140625
0.51531982421875
-0.5728759765625
-0.48956298828125
-0.150634765625
-0.1844482421875
0.74517822265625
0.41754150390625
0.27020263671875
-0.67230224609375
-0.81787109375
0.922119140625
0.2337646484375
0.34185791015625
0.49029541015625
-0.68524169921875
-1.33197021484375
-0.37860107421875
0.57275390625
1.30474853515625
0.458984375
-0.8245849609375
-0.3787841796875
0.64678955078125
-0.2498779296875
-0.33587646484375
0.3828125
-0.73175048828125
1.3067626953125
0.2418212890625
0.50537109375
1.02447509765625
-1.193115234375
0.62457275390625
-0.07000732421875
-0.75054931640625
0.24249267578125
0.47039794921875
-0.18609619140625
0.4207763671875
0.20855712890625
-1.20782470703125
1.451171875
0.61529541015625
-1.3302001953125
0.05902099609375
-0.14947509765625
-0.02349853515625
-0.576171875
-0.162353515625
0.69976806640625
1.2557373046875
0.5426025390625
0.204345703125
0.321533203125
-0.1396484375
0.7171630859375
0.89715576171875
-0.0489501953125
-0.5303955078125
-0.5592041015625
0.4031982421875
-0.1190185546875
-0.56658935546875
-0.4482421875
-0.11639404296875
-0.0498046875
-0.11639404296875
0.4644775390625
0.00579833984375
-0.35174560546875
-0.85870361328125
-0.29962158203125
0.41162109375
0.2288818359375
-0.67718505859375
-0.025634765625
-0.0455322265625
0.048828125
0.5140380859375
-0.6279296875
-0.25531005859375
0.46136474609375
-0.7889404296875
-0.4017333984375
-0.02069091796875
-0.56634521484375
-0.07403564453125
0.77203369140625
0.005126953125
0.347900390625
-0.37115478515625
0.00396728515625
0.27349853515625
-0.3184814453125
0.4176025390625
1.24774169921875
0.0673828125
-0.2415771484375
-0.11798095703125
0.0484619140625
0.54736328125
-0.58880615234375
0.44390869140625
-0.5355224609375
0.02667236328125
0.05242919921875
-0.1202392578125
-0.78076171875
-0.562744140625
0.94403076171875
0.0985107421875
0.21533203125
-0.798583984375
-0.16644287109375
0.535400390625
-0.25848388671875
-0.58221435546875
0.163818359375
0.01263427734375
-0.44482421875
-0.51409912109375
-0.20233154296875
-0.00384521484375
0.21734619140625
-0.52142333984375
0.66912841796875
0.7689208984375
0.17620849609375
0.3839111328125
0.02880859375
0.0374755859375
-0.262451171875
-0.14422607421875
-0.84527587890625
-0.34539794921875
0.61395263671875
0.37322998046875
-0.68829345703125
-0.5233154296875
-0.5224609375
-0.2369384765625
0.09393310546875
-0.3126220703125
0.28350830078125
-0.60711669921875
-1.10797119140625
-0.4710693359375
0.04400634765625
-0.09063720703125
-0.001953125
-0.40869140625
-0.72271728515625
-0.1112060546875
-0.13873291015625
-0.078857421875
-0.7857666015625
-0.06951904296875
-0.23846435546875
-0.6109619140625
-0.5443115234375
0.020751953125
0.04266357421875
0.08502197265625
-0.98590087890625
0.037109375
0.54791259765625
-0.8690185546875
0.35406494140625
0.5341796875
0.37249755859375
0.04107666015625
0.247314453125
-0.02435302734375
-0.1151123046875
-0.63201904296875
-0.1329345703125
0.1871337890625
0.4219970703125
0.66119384765625
0.33734130859375
-0.9652099609375
-0.7999267578125
0.63427734375
0.04461669921875
0.38348388671875
-0.09814453125
-0.684814453125
-0.439453125
-0.37176513671875
-0.662109375
0.012939453125
0.61517333984375
0.7784423828125
-0.4136962890625
-0.41790771484375
-0.3328857421875
-0.128662109375
-0.36859130859375
-0.2945556640625
0.0694580078125
0.50079345703125
0.22564697265625
-0.25128173828125
-0.0479736328125
-0.92462158203125
-0.7080078125
0.074462890625
0.10443115234375
-0.16754150390625
-0.29132080078125
0.58367919921875
0.4388427734375
-0.11834716796875
-0.5003662109375
1.25909423828125
-0.7840576171875
-0.65509033203125
0.32501220703125
-0.368896484375
0.32073974609375
-0.28436279296875
-1.39666748046875
0.70599365234375
1.22210693359375
-0.4710693359375
-0.10888671875
-0.3367919921875
-0.9552001953125
0.244873046875
-0.42169189453125
0.09808349609375
0.1229248046875
-0.636962890625
0.312255859375
1.2642822265625
-0.45111083984375
-1.30908203125
-0.81256103515625
0.3309326171875
0.2437744140625
0.0732421875
-0.2869873046875
-0.01904296875
0.22882080078125
0.154296875
0.24456787109375
-0.88787841796875
-0.507568359375
0.656982421875
-0.5096435546875
0.1402587890625
-0.468017578125
-0.39044189453125
0.60986328125
-0.326171875
0.60858154296875
0.2564697265625
0.03369140625
-0.6094970703125
0.4971923828125
-1.5662841796875
-0.22589111328125
0.4190673828125
-0.1710205078125
0.6016845703125
-0.5726318359375
-0.28631591796875
-0.89483642578125
-0.30047607421875
-0.50640869140625
-0.21514892578125
0.3118896484375
0.252685546875
0.1373291015625
0.27899169921875
-0.07183837890625
0.26513671875
0.100830078125
-0.03533935546875
-0.6041259765625
0.20892333984375
0.05908203125
0.25592041015625
0.17718505859375
-0.02166748046875
-0.8660888671875
0.7421875
-0.3792724609375
-0.94873046875
-0.0323486328125
0.69610595703125
-0.200439453125
-0.07403564453125
0.119140625
-0.2183837890625
-0.2630615234375
-0.5772705078125
0.50067138671875
0.2357177734375
-0.1773681640625
0.0953369140625
-0.5758056640625
0.041015625
-1.22686767578125
0.3631591796875
0.32208251953125
-0.0462646484375
-0.165283203125
-0.02685546875
-0.6068115234375
0.17535400390625
-0.6197509765625
-0.38519287109375
0.05780029296875
0.173583984375
-0.05291748046875
0.1683349609375
0.14227294921875
-0.30560302734375
-0.972900390625
-0.95892333984375
-0.26251220703125
0.03851318359375
0.30572509765625
0.73870849609375
0.10626220703125
-0.11285400390625
-0.05517578125
-0.51641845703125
-0.6968994140625
-0.01617431640625
0.56072998046875
-0.0458984375
-0.75042724609375
-0.2734375
-0.2147216796875
-0.1339111328125
-0.23736572265625
0.554443359375
0.2921142578125
0.1129150390625
0.3572998046875
-0.794921875
0.39923095703125
-0.05816650390625
-0.22454833984375
0.23291015625
-0.448486328125
-0.14105224609375
0.223876953125
0.06549072265625
-0.611083984375
0.60980224609375
0.1326904296875
-0.27423095703125
0.3056640625
-0.62677001953125
-0.37005615234375
0.6475830078125
0.47882080078125
0.0743408203125
-0.8389892578125
-0.6292724609375
-0.0491943359375
0.112548828125
0.60888671875
0.20587158203125
0.17022705078125
-0.05731201171875
0.35052490234375
-0.25811767578125
-0.5777587890625
-0.41265869140625
-0.1527099609375
0.183837890625
0.78680419921875
-0.29095458984375
-0.05218505859375
-0.10589599609375
0.45263671875
0.73529052734375
-1.12896728515625
-0.9283447265625
0.81939697265625
0.24920654296875
-0.48492431640625
-0.47674560546875
-0.29498291015625
-0.32867431640625
0.74639892578125
0.367919921875
-0.2493896484375
-0.24981689453125
-0.77105712890625
-0.263427734375
-0.06683349609375
-0.35040283203125
-0.25946044921875
0.56201171875
0.18609619140625
-1.11126708984375
-0.4490966796875
-0.62255859375
0.22833251953125
-0.9986572265625
-1.3134765625
0.20220947265625
-0.39801025390625
-0.12646484375
0.15618896484375
-0.48480224609375
-0.00103759765625
0.51434326171875
-0.8551025390625
0.0211181640625
-0.651611328125
-0.7530517578125
0.51605224609375
-0.43023681640625
-0.40118408203125
-0.1629638671875
-0.99078369140625
-0.34307861328125
-0.3232421875
-0.1517333984375
-0.31365966796875
-0.20379638671875
-0.87908935546875
-0.04425048828125
-0.3245849609375
-1.54864501953125
-0.66094970703125
-1.0592041015625
-0.13922119140625
0.37933349609375
-0.17547607421875
0.06591796875
-0.3807373046875
0.41717529296875
0.01239013671875
-0.47747802734375
0.35595703125
0.32916259765625
-0.81964111328125
-0.08782958984375
0.0426025390625
-0.3865966796875
-0.1971435546875
0.02899169921875
0.31719970703125
-0.2716064453125
0.06988525390625
-0.05218505859375
-0.6187744140625
-0.163330078125
0.1905517578125
-0.1724853515625
-0.22869873046875
0.0775146484375
0.14227294921875
-0.0111083984375
-0.3714599609375
-0.3043212890625
0.42987060546875
-0.355712890625
0.514892578125
-0.91375732421875
0.09771728515625
0.22198486328125
0.2628173828125
-0.14678955078125
0.43035888671875
-0.21099853515625
0.3916015625
0.1502685546875
-0.3004150390625
-0.188720703125
-0.41973876953125
0.0933837890625
0.0513916015625
-0.4940185546875
-0.26507568359375
-0.343505859375
0.35638427734375
-0.05804443359375
-0.0548095703125
-0.78790283203125
0.19769287109375
-0.423828125
-0.41888427734375
0.0595703125
-0.3380126953125
-0.06219482421875
-0.29022216796875
-0.8525390625
-0.30426025390625
0.07806396484375
-0.7515869140625
-0.15704345703125
-0.79510498046875
-0.36810302734375
-0.26556396484375
-0.03759765625
-0.055419921875
-0.29791259765625
-0.09161376953125
-0.32763671875
-0.6058349609375
-0.01434326171875
-0.155029296875
-0.656982421875
-0.52764892578125
-0.30877685546875
-0.6905517578125
-0.1685791015625
0.2828369140625
-0.464111328125
-0.0618896484375
0.398681640625
0.3070068359375
-0.02825927734375
-0.447021484375
-0.4656982421875
-0.563720703125
0.1337890625
0.72955322265625
0.62127685546875
-0.5780029296875
-1.1214599609375
-0.09185791015625
0.3154296875
-0.322509765625
0.24566650390625
-0.19403076171875
-0.2484130859375
-0.38787841796875
-0.4993896484375
-0.1014404296875
0.56024169921875
0.292724609375
-0.565673828125
0.48419189453125
-0.01934814453125
-0.43658447265625
-0.1851806640625
-0.5174560546875
-1.04962158203125
-0.1697998046875
0.7569580078125
0.48345947265625
0.376708984375
-1.00433349609375
-0.6361083984375
0.09881591796875
-1.015380859375
-0.3907470703125
0.5203857421875
-0.19671630859375
0.71405029296875
-0.08184814453125
-0.49652099609375
0.16949462890625
0.46240234375
-1.0914306640625
-0.88232421875
0.759033203125
0.09100341796875
-0.58575439453125
-0.94970703125
0.033447265625
-0.4036865234375
0.07904052734375
-1.67315673828125
-0.35174560546875
-0.23223876953125
-1.00994873046875
0.34307861328125
-1.40277099609375
-0.95550537109375
0.29058837890625
-0.01171875
0.6319580078125
0.251708984375
-0.2640380859375
-0.2816162109375
-0.740478515625
0.66864013671875
0.088623046875
-0.77215576171875
-0.47381591796875
0.01690673828125
0.9468994140625
0.18780517578125
-0.33782958984375
-0.76025390625
-0.56561279296875
0.24945068359375
-0.252197265625
-0.10284423828125
-0.3787841796875
-0.03570556640625
-0.142333984375
-0.69488525390625
-0.40936279296875
-0.3662109375
-0.5272216796875
-0.12200927734375
0.07379150390625
-0.78021240234375
0.729736328125
0.159423828125
-0.3985595703125
-0.0196533203125
-0.817626953125
-0.38055419921875
-0.53558349609375
-0.86834716796875
0.51422119140625
0.6397705078125
0.5306396484375
0.421142578125
-0.1842041015625
-0.56390380859375
0.41943359375
0.1837158203125
0.3189697265625
-0.246337890625
-0.12408447265625
-0.24310302734375
-0.1397705078125
0.22479248046875
-1.03985595703125
-0.36224365234375
0.177978515625
-0.55859375
-0.16632080078125
-0.2470703125
0.45233154296875
-0.24072265625
0.13848876953125
-0.19915771484375
0.1058349609375
-0.134521484375
-0.77691650390625
0.37322998046875
-0.52191162109375
0.35858154296875
0.70098876953125
-0.02203369140625
0.75408935546875
-0.1502685546875
-0.3203125
-0.3348388671875
0.0732421875
0.390869140625
-0.25152587890625
-0.6207275390625
0.61407470703125
0.15753173828125
0.13909912109375
0.136474609375
-0.628173828125
0.22064208984375
0.410888671875
-0.4658203125
0.37396240234375
-0.12127685546875
-0.07110595703125
-0.0794677734375
0.2449951171875
-0.33404541015625
0.22015380859375
0.56304931640625
0.61517333984375
0.51422119140625
0.57684326171875
-0.71661376953125
-0.36334228515625
-0.33563232421875
1.0823974609375
-0.54974365234375
0.1044921875
-0.23138427734375
0.30535888671875
-0.49676513671875
0.2025146484375
-0.3209228515625
-0.68505859375
0.2681884765625
-0.116455078125
-0.11663818359375
0.1253662109375
-0.47711181640625
0.5308837890625
0.11981201171875
0.0052490234375
-0.03106689453125
-0.02264404296875
-0.13385009765625
-0.3818359375
-0.47723388671875
-0.9713134765625
-0.14117431640625
0.0384521484375
-0.24658203125
-0.4644775390625
-0.1240234375
1.19049072265625
-0.2659912109375
-1.4248046875
-0.4736328125
-0.4505615234375
0.28369140625
-0.81817626953125
-0.87493896484375
-0.75933837890625
-0.16302490234375
0.68487548828125
-0.43780517578125
-0.03765869140625
-0.46484375
0.92474365234375
0.03826904296875
-0.05291748046875
0.5853271484375
-1.64971923828125
-0.7772216796875
0.45013427734375
-1.5296630859375
-0.56365966796875
0.224609375
-0.1385498046875
0.86309814453125
0.1947021484375
-0.93841552734375
-0.367919921875
-0.19476318359375
0.0223388671875
-0.030517578125
-0.0599365234375
0.02545166015625
-0.67529296875
-0.34490966796875
0.93634033203125
0.27984619140625
0.12945556640625
0.3782958984375
-0.1168212890625
-0.40655517578125
-0.06121826171875
1.005126953125
-0.02471923828125
-0.2535400390625
0.29193115234375
0.26312255859375
-0.00531005859375
-0.2845458984375
-0.33465576171875
-0.19439697265625
-0.2557373046875
0.7030029296875
-0.31744384765625
-1.1473388671875
0.45159912109375
0.756103515625
-0.13037109375
0.39410400390625
-0.11138916015625
-0.5294189453125
0.18072509765625
0.00128173828125
0.2308349609375
0.1318359375
-0.681640625
-0.1197509765625
0.06829833984375
-0.23095703125
0.2828369140625
-0.20953369140625
-0.002197265625
-0.339599609375
-0.48480224609375
0.00970458984375
-0.4356689453125
-0.04107666015625
-1.13970947265625
-0.1053466796875
-0.05780029296875
-0.88043212890625
-0.64593505859375
-0.11114501953125
0.71051025390625
0.10467529296875
0.4381103515625
-0.17425537109375
-0.941650390625
0.19537353515625
-0.462158203125
-0.54571533203125
-0.36334228515625
-0.663330078125
-0.4102783203125
0.64935302734375
-0.29437255859375
-0.4051513671875
-0.11334228515625
-0.96307373046875
-0.865234375
-0.47119140625
-0.55706787109375
0.2265625
-0.13287353515625
-0.0303955078125
0.1917724609375
0.741455078125
-0.3211669921875
0.20751953125
-0.85498046875
-0.4449462890625
-0.2076416015625
0.28070068359375
-0.601318359375
0.40045166015625
-0.0008544921875
0.0714111328125
0.18463134765625
-0.5675048828125
-0.03045654296875
0.0322265625
0.09002685546875
-0.6378173828125
0.488525390625
-0.03863525390625
0.0267333984375
0.27630615234375
-0.56689453125
-0.50152587890625
6.103515625e-05
-0.6356201171875
-0.21002197265625
-0.50872802734375
-0.2215576171875
0.01666259765625
-0.2178955078125
-0.1524658203125
0.08563232421875
-0.25628662109375
0.5137939453125
0.2303466796875
-0.01171875
0.09307861328125
-0.18634033203125
-0.58819580078125
-0.1029052734375
-0.52484130859375
-0.2694091796875
0.394287109375
-0.21075439453125
-0.41143798828125
-1.16156005859375
0.3570556640625
-0.0391845703125
-0.2001953125
-0.98199462890625
-0.08575439453125
0.310791015625
-0.75311279296875
0.001220703125
0.57220458984375
-0.22113037109375
0.105712890625
-0.417236328125
0.08001708984375
-0.34503173828125
-1.283203125
0.43292236328125
0.25274658203125
-0.142333984375
0.08197021484375
0.9066162109375
-0.3399658203125
-0.65325927734375
-0.6796875
0.56890869140625
0.2762451171875
-0.19329833984375
0.56109619140625
-0.380126953125
0.64569091796875
0.0367431640625
-0.77984619140625
-0.1873779296875
-0.171630859375
0.48529052734375
-0.0509033203125
0.35418701171875
0.236083984375
-1.64324951171875
-0.7613525390625
0.084716796875
-0.78289794921875
0.5809326171875
0.05523681640625
0.0086669921875
-0.02349853515625
-0.53704833984375
-1.78887939453125
1.080078125
0.12554931640625
-0.5662841796875
0.054931640625
-0.28594970703125
-0.0841064453125
-0.30316162109375
-0.62982177734375
0.38128662109375
0.10906982421875
0.82952880859375
0.9951171875
0.2315673828125
-1.1353759765625
0.20068359375
0.5513916015625
-0.45745849609375
0.65771484375
-0.0343017578125
0.02203369140625
0.0491943359375
0.42376708984375
0.041259765625
0.1002197265625
-0.1961669921875
0.511474609375
0.41162109375
-0.56878662109375
-0.589599609375
-0.09454345703125
-0.470947265625
0.06854248046875
0.302001953125
-0.477294921875
0.046875
-0.2020263671875
-0.24871826171875
-0.12188720703125
-0.4061279296875
-0.55108642578125
0.46270751953125
0.28033447265625
-0.27752685546875
-0.01580810546875
0.173095703125
0.09381103515625
-0.19488525390625
-0.0172119140625
0.82891845703125
-0.4488525390625
-1.07269287109375
-0.02423095703125
-0.39215087890625
-0.0074462890625
-0.07305908203125
0.3087158203125
0.54302978515625
-0.686767578125
-0.267578125
-0.10382080078125
-0.69451904296875
-0.26409912109375
-0.4132080078125
-0.420166015625
-0.49542236328125
0.36053466796875
0.00146484375
0.4705810546875
-0.43536376953125
-0.62030029296875
0.41058349609375
0.01263427734375
-0.210693359375
-0.5142822265625
-0.556396484375
-0.3323974609375
-0.34759521484375
0.2548828125
-0.35357666015625
-0.6405029296875
-0.40264892578125
0.12139892578125
-0.7930908203125
-0.491455078125
-0.74407958984375
-0.48870849609375
0.2447509765625
-0.3079833984375
0.68994140625
-0.1494140625
-0.420166015625
0.10760498046875
0.14385986328125
-0.206787109375
-0.53094482421875
-0.525390625
-0.05352783203125
-0.2327880859375
0.0980224609375
0.12158203125
-0.0020751953125
0.15203857421875
-0.0631103515625
0.10626220703125
-0.73199462890625
-0.09442138671875
-0.47784423828125
-0.50341796875
0.00164794921875
0.50860595703125
0.3568115234375
0.75128173828125
-0.457275390625
-0.44305419921875
-0.81634521484375
-0.80029296875
-0.3590087890625
-0.6912841796875
-1.21417236328125
-0.30010986328125
-0.24029541015625
-0.37939453125
-0.27655029296875
-0.110595703125
0.08087158203125
0.332275390625
-0.80230712890625
0.69964599609375
0.1573486328125
-0.970947265625
-0.71136474609375
0.07763671875
-0.1522216796875
-0.219482421875
0.1561279296875
-0.13427734375
0.3541259765625
-0.25335693359375
-0.13409423828125
0.03314208984375
-0.52569580078125
-1.07513427734375
-0.369384765625
-0.058349609375
-0.51934814453125
0.610107421875
0.38677978515625
-0.40557861328125
-1.39947509765625
-1.5645751953125
-0.22320556640625
0.35247802734375
0.734375
0.22406005859375
-0.26580810546875
0.09033203125
0.365478515625
-1.145263671875
-1.37567138671875
-1.595703125
0.44683837890625
-0.3665771484375
-0.93731689453125
0.08184814453125
-0.83856201171875
-0.96588134765625
0.28289794921875
-0.38348388671875
-0.30645751953125
-0.5860595703125
0.42626953125
-0.01947021484375
0.5413818359375
-0.120849609375
-1.22625732421875
0.0234375
-0.0615234375
0.69537353515625
0.689697265625
-0.32177734375
-1.1370849609375
-0.31982421875
1.549560546875
0.516357421875
-0.5687255859375
-0.21978759765625
-0.74591064453125
-0.2113037109375
-0.1580810546875
-0.150146484375
-0.72589111328125
-0.72064208984375
0.13360595703125
0.49456787109375
0.70330810546875
-0.00872802734375
-0.79888916015625
-0.34490966796875
0.21514892578125
0.17913818359375
-0.2498779296875
-0.3536376953125
-0.35955810546875
0.84039306640625
0.3546142578125
-0.22869873046875
-0.36187744140625
-0.52392578125
-0.07171630859375
-0.4659423828125
0.35491943359375
0.733642578125
-0.348876953125
-0.02496337890625
-0.3267822265625
-0.1622314453125
0.79522705078125
0.07452392578125
-0.28546142578125
0.5428466796875
-0.0177001953125
-0.6141357421875
0.17059326171875
-0.5081787109375
-0.0399169921875
-0.4095458984375
0.681640625
-0.1015625
-0.35833740234375
-0.1484375
-0.3099365234375
0.0325927734375
0.56390380859375
-0.0250244140625
-0.3077392578125
0.06732177734375
0.33905029296875
-0.3001708984375
0.35137939453125
-0.18560791015625
-0.294189453125
0.66436767578125
0.39239501953125
-0.87908935546875
-0.1883544921875
-0.6798095703125
-0.0853271484375
-0.54840087890625
-0.33282470703125
-0.13311767578125
0.10321044921875
0.24847412109375
0.2117919921875
-0.12091064453125
-0.03125
-0.0986328125
-0.3782958984375
-0.4058837890625
-1.135498046875
-0.60028076171875
0.0968017578125
-0.73895263671875
-0.43548583984375
-0.10211181640625
0.091796875
-0.32061767578125
-0.16058349609375
-0.27301025390625
-0.35235595703125
0.576904296875
-0.06396484375
0.0289306640625
-0.96588134765625
-0.77777099609375
0.32196044921875
0.03497314453125
-0.4471435546875
-0.1427001953125
-0.34161376953125
-0.38031005859375
-0.50848388671875
-0.093505859375
0.34326171875
0.5137939453125
-0.6632080078125
0.47271728515625
0.0411376953125
-0.50933837890625
-0.732177734375
-0.01129150390625
-0.14337158203125
-0.06884765625
0.09674072265625
-0.0369873046875
0.37347412109375
0.3388671875
-0.63873291015625
0.24273681640625
-0.42181396484375
0.10540771484375
-0.31488037109375
-0.38568115234375
-0.105712890625
-0.258056640625
-0.228515625
0.28302001953125
0.4298095703125
-0.07440185546875
0.37646484375
-0.09796142578125
-1.0216064453125
-0.0421142578125
-0.3359375
-0.28350830078125
0.31854248046875
-0.76556396484375
0.371337890625
0.3369140625
-0.371337890625
0.3143310546875
0.210693359375
-0.31964111328125
-0.62518310546875
-0.8753662109375
-0.11865234375
0.20416259765625
0.038818359375
-1.000732421875
-0.3310546875
0.41070556640625
-0.24285888671875
0.2105712890625
-0.02972412109375
-0.17779541015625
0.763916015625
0.11859130859375
-0.21044921875
-0.251708984375
-1.0067138671875
0.03326416015625
0.583984375
-1.52581787109375
-0.00201416015625
0.3310546875
0.03961181640625
0.37969970703125
-0.43316650390625
-0.3280029296875
0.0032958984375
0.43341064453125
0.58734130859375
0.330322265625
-0.705810546875
0.27655029296875
-0.57757568359375
-0.7916259765625
1.54205322265625
0.61016845703125
-0.354248046875
0.002197265625
-0.11346435546875
-0.95904541015625
0.0107421875
0.65252685546875
-0.638427734375
-0.5699462890625
-0.19488525390625
-0.09844970703125
0.68145751953125
0.0201416015625
-0.6622314453125
-0.38311767578125
-0.25927734375
0.36077880859375
-0.17291259765625
-0.572998046875
0.25323486328125
-0.05133056640625
0.177978515625
-0.32208251953125
-0.016845703125
0.11224365234375
-0.56829833984375
0.527099609375
-0.10809326171875
0.10986328125
-0.38323974609375
0.470947265625
0.9556884765625
-0.35601806640625
-1.05499267578125
-0.4779052734375
0.39129638671875
0.06768798828125
-0.64337158203125
-0.5662841796875
0.34735107421875
0.20611572265625
-0.5662841796875
-0.352294921875
-0.046630859375
-0.48773193359375
-0.4979248046875
0.535888671875
-0.265625
-0.55810546875
-0.86468505859375
-0.31243896484375
0.2928466796875
0.25244140625
0.06689453125
0.25201416015625
-0.34332275390625
0.06072998046875
0.17315673828125
0.19073486328125
0.4097900390625
0.29205322265625
-0.529296875
0.400390625
-0.0732421875
-0.223388671875
-0.91357421875
0.09051513671875
-0.20660400390625
-0.17816162109375
0.9415283203125
0.0919189453125
-0.69696044921875
0.51922607421875
-0.0867919921875
-0.42901611328125
0.24468994140625
-0.10980224609375
-0.3282470703125
-0.02978515625
0.00146484375
0.563720703125
-0.0556640625
-0.1328125
-0.53228759765625
-0.22662353515625
0.45660400390625
-0.4794921875
-0.0477294921875
-0.1270751953125
0.00543212890625
0.95123291015625
-0.4149169921875
-0.350341796875
-0.0047607421875
-0.603759765625
-1.3133544921875
-0.292724609375
-0.62615966796875
0.164306640625
-0.11798095703125
-0.244873046875
-0.1129150390625
-0.5062255859375
0.82440185546875
-0.33441162109375
-0.05810546875
-0.42010498046875
-0.07073974609375
0.4984130859375
0.126708984375
0.2457275390625
0.56744384765625
-0.58990478515625
0.42987060546875
0.294921875
-0.48590087890625
-1.15521240234375
0.04119873046875
-0.246337890625
0.06927490234375
0.0966796875
0.5242919921875
-0.516845703125
-0.48748779296875
0.53936767578125
-0.23175048828125
0.17938232421875
0.25054931640625
0.25811767578125
0.39385986328125
-0.41021728515625
-0.6383056640625
-0.8516845703125
0.03704833984375
0.043701171875
0.54852294921875
-0.904052734375
-0.34820556640625
-1.0792236328125
-0.68817138671875
0.783203125
1.014404296875
0.28070068359375
-0.03961181640625
-0.25970458984375
0.70458984375
0.03558349609375
-0.74468994140625
-0.75701904296875
0.179931640625
-0.47235107421875
0.25164794921875
0.56561279296875
-0.359375
-0.19989013671875
-0.0482177734375
0.32342529296875
-0.24041748046875
0.344482421875
-0.7589111328125
-0.03973388671875
0.5887451171875
-0.837890625
-0.16357421875
0.50494384765625
0.744384765625
0.0706787109375
-0.70703125
-0.38751220703125
-0.70672607421875
-0.8817138671875
-0.617431640625
0.664306640625
0.9163818359375
1.13177490234375
0.50274658203125
-1.57916259765625
-0.2274169921875
-0.393798828125
0.10546875
-0.28948974609375
-0.70343017578125
-0.00982666015625
-0.0130615234375
0.12652587890625
-0.33062744140625
-0.9268798828125
-0.31451416015625
0.082763671875
0.23150634765625
-0.05059814453125
-0.70526123046875
-0.24310302734375
-0.09783935546875
-0.44805908203125
-0.197509765625
-0.20477294921875
0.2149658203125
0.20941162109375
-0.41094970703125
-0.6739501953125
0.1063232421875
-0.325439453125
1.09844970703125
0.09051513671875
0.64019775390625
-0.35418701171875
-0.38604736328125
0.0089111328125
0.079833984375
0.030517578125
-0.05938720703125
-0.3837890625
-0.4613037109375
-0.2421875
-0.28662109375
-0.2962646484375
0.44940185546875
-0.2764892578125
0.58270263671875
0.157470703125
-0.1907958984375
-0.3956298828125
-0.225341796875
-0.55914306640625
-0.538330078125
0.278564453125
-0.1522216796875
0.07916259765625
0.3992919921875
0.3175048828125
0.03076171875
-0.36962890625
-0.0135498046875
0.03179931640625
0.1611328125
-0.2286376953125
-0.23724365234375
0.2049560546875
0.04315185546875
0.17242431640625
0.10986328125
-0.82000732421875
-0.13104248046875
0.0010986328125
-0.63775634765625
-0.46136474609375
0.23095703125
-0.49383544921875
-0.12493896484375
-0.4404296875
-0.73553466796875
-0.20635986328125
-0.05902099609375
-0.1578369140625
-0.0482177734375
-0.2078857421875
-0.10015869140625
-0.1995849609375
-0.45001220703125
-0.3414306640625
-0.22052001953125
0.09503173828125
-0.41168212890625
-0.783447265625
-0.25537109375
-0.0445556640625
0.0128173828125
-0.10699462890625
0.33197021484375
-0.08587646484375
0.25213623046875
-0.013427734375
0.34417724609375
-0.7906494140625
-0.20758056640625
1.27667236328125
-0.7220458984375
-0.484375
-0.7877197265625
0.09954833984375
0.6627197265625
-0.128662109375
-0.78594970703125
-0.15240478515625
-0.29681396484375
-0.29888916015625
-0.21307373046875
-0.317138671875
-0.55633544921875
-0.64739990234375
-0.18060302734375
-0.3319091796875
-0.19891357421875
0.26678466796875
-0.04168701171875
-0.47845458984375
0.01263427734375
-1.0828857421875
-0.19482421875
-0.427978515625
0.75360107421875
0.0723876953125
-1.29144287109375
-1.36297607421875
0.07562255859375
-0.2314453125
0.65972900390625
0.77294921875
0.40911865234375
-0.9332275390625
-0.7738037109375
0.18658447265625
0.40789794921875
0.78509521484375
0.95098876953125
0.02532958984375
-0.24298095703125
0.19085693359375
-0.4786376953125
-0.8782958984375
-0.70025634765625
-0.901123046875
1.0787353515625
0.9141845703125
-0.1932373046875
0.5767822265625
-0.632080078125
-0.85833740234375
0.91705322265625
-0.718017578125
-0.553466796875
-0.2735595703125
0.2388916015625
0.1866455078125
0.44256591796875
-1.90087890625
-1.05816650390625
1.2427978515625
-0.21124267578125
-0.5477294921875
-0.5618896484375
-0.51507568359375
0.2080078125
-0.22216796875
-0.46722412109375
0.4219970703125
0.596923828125
-1.2623291015625
0.14581298828125
-0.07940673828125
-0.08837890625
-0.0096435546875
-0.165283203125
-0.5882568359375
-0.24755859375
-0.65625
1.0347900390625
0.25201416015625
-0.39892578125
-0.4622802734375
-0.2933349609375
-0.5621337890625
0.035888671875
-0.60174560546875
-0.81500244140625
-0.51007080078125
0.14141845703125
0.12322998046875
-0.53662109375
-1.00927734375
0.6068115234375
-0.5386962890625
-0.3033447265625
0.07745361328125
-0.335693359375
-0.44573974609375
-0.308349609375
-0.171142578125
-6.103515625e-05
-0.3660888671875
-0.76568603515625
-0.00164794921875
0.002197265625
-0.2716064453125
0.4638671875
-0.02960205078125
-0.92132568359375
-0.34222412109375
-0.16058349609375
-0.5440673828125
0.29656982421875
0.048095703125
-0.159912109375
0.3101806640625
-0.45819091796875
0.00665283203125
0.364990234375
0.46624755859375
0.271484375
0.49951171875
-0.90118408203125
-0.43359375
-0.02197265625
-0.046875
0.48248291015625
-0.4510498046875
-0.443359375
-0.06341552734375
0.42120361328125
-0.15899658203125
0.06390380859375
-0.27740478515625
-0.16644287109375
0.212158203125
0.56109619140625
0.24468994140625
-0.69091796875
0.27081298828125
-1.028564453125
-0.52606201171875
-0.73223876953125
-0.39105224609375
-0.482177734375
-0.10748291015625
-0.81549072265625
0.05450439453125
0.38250732421875
0.07733154296875
-0.30267333984375
-0.221435546875
-0.1561279296875
0.8753662109375
-0.36309814453125
-0.1082763671875
0.17901611328125
-0.08966064453125
-0.45855712890625
-0.8177490234375
-0.92572021484375
-0.8729248046875
-0.46942138671875
-0.13616943359375
-0.45294189453125
-0.18194580078125
0.33380126953125
-0.51666259765625
0.0206298828125
-0.7669677734375
-0.90289306640625
0.0135498046875
-0.87939453125
0.7777099609375
-0.4129638671875
-0.552978515625
-0.40240478515625
-0.2962646484375
0.0894775390625
-0.13250732421875
-0.60308837890625
0.30572509765625
0.00225830078125
-0.1893310546875
-0.09088134765625
-0.625244140625
-0.5130615234375
0.38189697265625
-0.2623291015625
0.33074951171875
-0.54595947265625
0.6541748046875
-0.31805419921875
-0.39361572265625
-0.68914794921875
-0.4305419921875
0.11663818359375
0.6021728515625
0.668701171875
0.03582763671875
0.9390869140625
0.525634765625
0.35089111328125
-0.0233154296875
-0.1109619140625
-0.03411865234375
-0.51409912109375
-0.864990234375
0.08233642578125
0.77435302734375
-0.08612060546875
-0.619873046875
-0.41796875
-0.15460205078125
-0.16961669921875
0.00689697265625
-0.27032470703125
-0.456298828125
0.38702392578125
0.06591796875
0.34600830078125
-0.2647705078125
-0.7913818359375
-0.68231201171875
0.664794921875
-0.466064453125
-0.95941162109375
-0.918212890625
0.3458251953125
1.2799072265625
-0.62384033203125
-1.14495849609375
-0.4527587890625
0.70477294921875
-0.3572998046875
0.1015625
-0.08258056640625
-0.38507080078125
-0.294189453125
-0.38623046875
0.8763427734375
0.00738525390625
0.00054931640625
-0.08489990234375
0.04901123046875
-1.3763427734375
-0.3079833984375
-0.133056640625
-1.13494873046875
0.110595703125
-0.11541748046875
-0.79473876953125
-0.3092041015625
0.4957275390625
-0.5970458984375
-0.42279052734375
-0.049072265625
0.2913818359375
-0.6212158203125
-0.79296875
0.00335693359375
0.56231689453125
-0.42840576171875
-0.22698974609375
-0.8338623046875
-0.16156005859375
-0.09405517578125
-0.162109375
0.26416015625
-0.500732421875
-0.4918212890625
-0.3153076171875
-0.19189453125
0.2857666015625
-0.11474609375
-0.7393798828125
0.41302490234375
0.1263427734375
-1.2952880859375
0.238037109375
0.80078125
-0.47088623046875
-0.3797607421875
-0.77593994140625
-0.0599365234375
-0.2947998046875
-0.5391845703125
-0.40948486328125
-0.6043701171875
-0.22308349609375
0.0045166015625
0.2967529296875
0.35308837890625
-0.39031982421875
-0.88720703125
-0.55084228515625
0.161376953125
-0.7852783203125
-0.87286376953125
-0.32940673828125
0.165771484375
0.095947265625
-0.06365966796875
-0.4033203125
0.1116943359375
-0.53717041015625
0.1871337890625
-0.1707763671875
0.23065185546875
0.5478515625
-0.41680908203125
-0.28192138671875
-0.5655517578125
-0.17449951171875
-0.9775390625
0.22784423828125
-0.47760009765625
0.04241943359375
-0.1107177734375
-0.1097412109375
0.21478271484375
0.37860107421875
-0.1236572265625
-0.131591796875
-0.62823486328125
-0.54534912109375
-0.0533447265625
-0.694091796875
-0.125732421875
-0.2032470703125
-0.2666015625
0.09197998046875
-0.064208984375
-0.1441650390625
-0.4447021484375
-0.12762451171875
-0.78204345703125
-0.23223876953125
-0.60601806640625
-0.56854248046875
-0.0440673828125
-0.72674560546875
-0.18255615234375
-0.67218017578125
-0.044921875
0.09112548828125
-0.5745849609375
0.24749755859375
0.05670166015625
-0.0196533203125
0.1607666015625
0.9581298828125
-0.19927978515625
-0.81182861328125
0.41461181640625
-0.037353515625
-0.4664306640625
0.38958740234375
-0.7967529296875
-0.45562744140625
0.061279296875
0.29144287109375
0.3189697265625
0.20037841796875
-0.4439697265625
-0.38836669921875
-0.260009765625
-0.15948486328125
0.102294921875
0.470703125
-0.41766357421875
0.01287841796875
-0.6036376953125
-0.4403076171875
-0.5626220703125
-0.33648681640625
0.14422607421875
0.3948974609375
-0.28204345703125
-0.563720703125
-0.9400634765625
-0.05084228515625
0.4383544921875
0.24774169921875
-0.39801025390625
-0.1666259765625
-0.38916015625
-0.107421875
-0.8983154296875
-0.42218017578125
-1.19879150390625
-0.41961669921875
0.25885009765625
0.12017822265625
0.24786376953125
-0.57470703125
0.75726318359375
0.71942138671875
0.20379638671875
-0.06719970703125
0.1373291015625
-0.7379150390625
0.647705078125
0.24114990234375
0.5343017578125
0.5623779296875
0.37835693359375
0.19427490234375
-0.42401123046875
-0.4462890625
-0.99530029296875
-0.64825439453125
-0.01025390625
0.09063720703125
0.69677734375
1.08697509765625
-0.16162109375
0.02935791015625
-0.1358642578125
-0.1168212890625
0.04278564453125
-0.4063720703125
-0.4066162109375
0.07720947265625
0.224609375
-0.06915283203125
-0.1417236328125
-1.08966064453125
-0.4488525390625
0.07745361328125
-0.0989990234375
-0.26025390625
-0.5897216796875
-0.39117431640625
0.239990234375
0.72271728515625
-0.0667724609375
0.12188720703125
-0.15643310546875
-0.13153076171875
-0.23699951171875
-1.42144775390625
-0.07366943359375
-0.5584716796875
-0.8699951171875
-0.22894287109375
0.1826171875
-0.25823974609375
-0.59765625
0.0604248046875
-0.09283447265625
0.541748046875
0.5279541015625
-0.22052001953125
-0.41754150390625
0.22113037109375
-0.3560791015625
0.03826904296875
-0.66595458984375
0.04498291015625
0.42755126953125
-0.3187255859375
0.34698486328125
-0.73876953125
-0.11932373046875
-0.17987060546875
-0.32586669921875
0.07232666015625
-0.57611083984375
0.36248779296875
-0.89312744140625
-0.204833984375
0.27880859375
-0.13836669921875
0.004638671875
0.15277099609375
-0.49517822265625
0.397705078125
0.04144287109375
-0.33319091796875
-0.41070556640625
-0.19256591796875
-0.813232421875
0.42535400390625
0.49090576171875
-0.24285888671875
-0.58099365234375
0.1416015625
0.1180419921875
0.232177734375
-0.00274658203125
-0.06982421875
0.5882568359375
-0.06341552734375
-0.19561767578125
-0.21533203125
-0.26458740234375
-0.17645263671875
-0.1865234375
-0.08819580078125
-0.13690185546875
0.13873291015625
-0.6275634765625
-0.06549072265625
-0.21331787109375
-0.61236572265625
-0.4395751953125
0.55926513671875
-0.7442626953125
-0.3961181640625
-0.88250732421875
0.35760498046875
-0.46185302734375
0.0234375
-0.6593017578125
-0.5838623046875
-1.06427001953125
-0.38604736328125
-0.11065673828125
0.58026123046875
-0.28228759765625
-0.09674072265625
0.49774169921875
0.58123779296875
-0.63372802734375
0.0357666015625
0.1678466796875
0.1563720703125
-0.16131591796875
-0.401123046875
-0.216552734375
-0.15679931640625
-0.2113037109375
-0.458984375
-0.28521728515625
-0.2392578125
-0.1676025390625
0.0970458984375
-0.37567138671875
0.02960205078125
-0.2236328125
-0.00335693359375
-0.205322265625
-0.4056396484375
-1.16485595703125
-0.5928955078125
-0.10272216796875
0.513916015625
-0.34210205078125
0.41363525390625
0.06353759765625
-0.3680419921875
-0.99005126953125
-0.57861328125
0.0223388671875
1.31036376953125
0.4066162109375
-0.073974609375
-0.44769287109375
-0.62445068359375
0.04608154296875
0.19000244140625
-0.285888671875
-0.34716796875
1.1549072265625
0.196533203125
0.04364013671875
0.188232421875
-2.11126708984375
-0.4161376953125
0.45025634765625
-2.0216064453125
-1.57391357421875
0.89385986328125
-0.58624267578125
-0.370361328125
0.04864501953125
-0.9827880859375
0.99932861328125
0.4739990234375
-0.74725341796875
-0.0755615234375
-0.48583984375
-0.7593994140625
0.10784912109375
-0.86322021484375
0.679931640625
0.61016845703125
0.2315673828125
-0.400390625
-0.64697265625
-1.75482177734375
-0.530029296875
0.050048828125
0.4556884765625
0.47698974609375
-0.595703125
-1.15869140625
0.56085205078125
0.6793212890625
0.2789306640625
0.2349853515625
-0.45965576171875
0.00042724609375
0.86749267578125
-0.25653076171875
0.3248291015625
-0.64093017578125
-0.0833740234375
0.38140869140625
-0.14544677734375
-0.24542236328125
0.5579833984375
-0.64117431640625
-0.54290771484375
-0.611328125
-0.0634765625
0.357421875
-0.6805419921875
0.182373046875
0.16400146484375
-0.2022705078125
-0.7379150390625
0.23077392578125
-0.61334228515625
-0.4071044921875
0.52130126953125
-0.27325439453125
-0.29510498046875
-0.46087646484375
0.11224365234375
0.13568115234375
-0.34149169921875
-0.4381103515625
-0.31195068359375
-0.38275146484375
-0.2406005859375
-0.3631591796875
0.23236083984375
0.05133056640625
0.23822021484375
-0.05731201171875
-0.2056884765625
-0.1514892578125
-0.75885009765625
-0.3870849609375
-0.174560546875
-0.153564453125
0.0943603515625
-0.28521728515625
-0.740966796875
-0.32159423828125
1.01092529296875
-0.09161376953125
-0.1949462890625
-0.196044921875
0.0770263671875
0.21978759765625
0.5174560546875
0.3497314453125
-0.68634033203125
-0.39324951171875
-0.495361328125
0.10467529296875
-0.52606201171875
-1.11578369140625
-0.20166015625
0.5029296875
0.18756103515625
0.07269287109375
-0.468994140625
-0.17742919921875
-0.4942626953125
0.481201171875
-0.1595458984375
-0.111572265625
0.40838623046875
-0.18878173828125
-0.06085205078125
0.18914794921875
0.15118408203125
-0.2896728515625
-1.0521240234375
0.938232421875
0.24517822265625
-0.013916015625
-0.70343017578125
-0.2198486328125
0.36895751953125
-0.04693603515625
-0.66876220703125
-0.271484375
-0.42681884765625
-0.35107421875
0.1292724609375
0.09185791015625
-0.4166259765625
0.23809814453125
-0.4422607421875
0.17205810546875
0.305908203125
0.4173583984375
-0.588134765625
0.076904296875
-0.5379638671875
0.0382080078125
-0.2569580078125
-0.271240234375
0.24591064453125
-0.2861328125
-0.46844482421875
0.81170654296875
-0.37921142578125
-0.770751953125
-0.5693359375
0.4796142578125
0.3621826171875
-0.3663330078125
-0.45599365234375
-1.1962890625
-0.39532470703125
0.11669921875
0.0054931640625
-0.0089111328125
0.68768310546875
-1.33197021484375
-1.2818603515625
-0.08502197265625
0.29241943359375
0.90948486328125
0.87908935546875
-0.1324462890625
-0.695556640625
1.51446533203125
-1.03271484375
-1.13934326171875
-0.74078369140625
-0.592041015625
0.50555419921875
0.17132568359375
0.11517333984375
0.54986572265625
-0.68792724609375
-1.20025634765625
0.86004638671875
0.0911865234375
-0.46429443359375
-0.474609375
-0.33453369140625
1.01898193359375
0.59661865234375
-0.59259033203125
-0.36004638671875
0.8226318359375
-0.0157470703125
-0.135009765625
-0.93280029296875
-0.76300048828125
0.01800537109375
0.43231201171875
0.27197265625
0.1790771484375
0.81298828125
-0.4720458984375
-0.388671875
-0.93841552734375
0.147216796875
0.67266845703125
0.06298828125
-0.24713134765625
-0.20391845703125
-0.28094482421875
1.19110107421875
0.1683349609375
-0.5379638671875
-0.14453125
-0.14154052734375
-0.32476806640625
-0.21905517578125
-0.6986083984375
-1.047607421875
0.09881591796875
-0.09649658203125
0.5343017578125
-0.05401611328125
-0.27557373046875
0.1339111328125
-0.457275390625
0.68572998046875
-0.1976318359375
-0.6395263671875
-0.14532470703125
0.27288818359375
0.13421630859375
0.2366943359375
-0.03265380859375
-0.0933837890625
0.35992431640625
-0.873291015625
0.32611083984375
-0.40899658203125
0.18609619140625
-0.4874267578125
-0.69403076171875
0.01861572265625
0.45220947265625
0.138427734375
0.05462646484375
0.00030517578125
0.16461181640625
-0.26483154296875
-0.43377685546875
-0.42608642578125
0.12603759765625
0.20794677734375
0.61773681640625
-0.5819091796875
-1.00323486328125
-0.5301513671875
0.26776123046875
0.26824951171875
0.608154296875
-0.8367919921875
-0.66290283203125
0.0758056640625
-0.252685546875
-0.0206298828125
-0.4576416015625
-0.0496826171875
-0.77752685546875
-0.1314697265625
-0.59326171875
0.61480712890625
-0.6832275390625
-0.42340087890625
0.44964599609375
0.084228515625
-0.68634033203125
-0.89642333984375
0.40789794921875
-0.3363037109375
0.1947021484375
-0.0498046875
0.29656982421875
-0.09185791015625
0.54376220703125
-0.2301025390625
-0.5430908203125
-0.302490234375
-0.6251220703125
-0.19683837890625
0.78826904296875
0.18292236328125
-0.3934326171875
0.34039306640625
-0.7784423828125
-0.033203125
-0.11541748046875
-0.33782958984375
0.4141845703125
-0.25250244140625
0.07318115234375
-0.7149658203125
0.408447265625
0.0150146484375
0.20635986328125
-0.284912109375
0.6065673828125
-0.71246337890625
-0.52435302734375
0.132080078125
-0.001220703125
-0.154541015625
-0.181640625
0.753662109375
0.47979736328125
-0.5811767578125
-0.0888671875
0.76605224609375
-0.254150390625
-0.0611572265625
0.41436767578125
0.09466552734375
-0.33831787109375
0.141845703125
-0.010986328125
-0.6385498046875
-0.62506103515625
0.31964111328125
0.54595947265625
0.1241455078125
-0.74139404296875
-0.9810791015625
0.362060546875
0.42071533203125
0.1571044921875
-0.073486328125
-0.011962890625
-0.43878173828125
-1.376220703125
-0.60455322265625
0.56732177734375
0.75506591796875
-0.07440185546875
0.0692138671875
-0.26165771484375
0.2452392578125
-0.33984375
-0.85302734375
-0.35540771484375
-0.923095703125
0.6063232421875
-0.8572998046875
0.4901123046875
1.0413818359375
-1.58770751953125
-0.975830078125
-0.1776123046875
-1.618896484375
-0.77886962890625
-0.79541015625
0.95556640625
0.09326171875
0.593505859375
-0.2479248046875
-0.2467041015625
-0.5699462890625
-0.6959228515625
0.01641845703125
-0.51751708984375
-0.7021484375
0.168701171875
-0.9425048828125
0.022216796875
0.69342041015625
-0.9456787109375
-0.68927001953125
-0.1219482421875
-0.705810546875
0.37994384765625
-0.1160888671875
0.263671875
0.16571044921875
-0.53033447265625
-0.3507080078125
0.85595703125
-0.06298828125
-0.25897216796875
0.16510009765625
-0.32965087890625
1.02899169921875
-0.467041015625
-0.13427734375
0.0615234375
0.403076171875
0.199951171875
-0.09783935546875
0.21044921875
0.737060546875
-0.4647216796875
-0.7559814453125
-0.7056884765625
0.7633056640625
-0.40234375
0.830322265625
0.257080078125
-0.200439453125
0.2572021484375
-0.861328125
-0.46551513671875
-0.1875
-0.45947265625
0.4622802734375
0.38800048828125
-0.2132568359375
0.3084716796875
-0.317138671875
-0.31256103515625
0.35858154296875
-0.42462158203125
-0.57421875
-0.27935791015625
0.03326416015625
-0.68365478515625
-0.32342529296875
-0.9075927734375
-0.25518798828125
0.4415283203125
-0.58099365234375
-0.18804931640625
-0.5419921875
-0.37493896484375
0.46221923828125
-0.30767822265625
-0.210693359375
-0.08447265625
-0.8514404296875
0.294677734375
0.16357421875
0.1788330078125
-0.1854248046875
-0.0869140625
0.1552734375
0.50457763671875
-0.341064453125
-0.771728515625
0.19207763671875
-0.02740478515625
0.151611328125
0.14105224609375
-0.9180908203125
-0.013427734375
-0.308349609375
-0.54498291015625
0.14471435546875
0.14837646484375
0.201904296875
-0.1849365234375
0.04901123046875
-0.444580078125
-0.71734619140625
0.21807861328125
0.3525390625
-0.191650390625
-0.2763671875
0.220947265625
-0.76434326171875
-1.0921630859375
0.10980224609375
-0.07568359375
-0.23321533203125
0.3756103515625
0.33758544921875
0.5684814453125
-0.8006591796875
-0.09027099609375
-0.4208984375
0.2288818359375
-0.28271484375
-0.06976318359375
-0.56072998046875
0.18084716796875
0.03912353515625
-0.4066162109375
0.02947998046875
-0.16473388671875
0.2401123046875
0.21197509765625
-0.1917724609375
-1.221923828125
-0.17236328125
0.0203857421875
-0.6827392578125
-0.15478515625
-0.2427978515625
0.4627685546875
-0.3677978515625
-0.49859619140625
-0.41607666015625
-0.89068603515625
-0.09735107421875
-0.4219970703125
0.044921875
-0.15460205078125
-0.49700927734375
-0.195068359375
-0.01690673828125
-0.15277099609375
-0.24383544921875
0.55072021484375
-0.89385986328125
-0.55670166015625
-1.20220947265625
-0.51031494140625
-0.06207275390625
-0.044921875
-0.16009521484375
-0.12091064453125
0.48040771484375
0.01141357421875
-0.19671630859375
-1.13861083984375
0.21240234375
-0.19293212890625
0.15325927734375
0.22125244140625
0.4512939453125
0.55621337890625
-0.83294677734375
-1.22174072265625
0.28741455078125
-0.177734375
-0.92633056640625
-0.5257568359375
-0.38824462890625
-0.28448486328125
-0.05340576171875
-1.2308349609375
0.023681640625
0.605712890625
0.1964111328125
-0.4197998046875
-0.94818115234375
-0.374267578125
-0.503662109375
-0.9136962890625
0.0892333984375
0.745849609375
1.06707763671875
-0.29144287109375
-0.447021484375
-0.8463134765625
-0.33990478515625
0.307861328125
-0.15985107421875
-0.36468505859375
0.8990478515625
0.111083984375
1.2794189453125
0.275634765625
-0.47332763671875
-0.12542724609375
-0.4736328125
-0.695068359375
0.25469970703125
-0.88409423828125
-1.224365234375
-0.64752197265625
0.403564453125
-0.14300537109375
-0.40460205078125
-0.22625732421875
-0.54388427734375
0.03741455078125
-0.461181640625
-0.20159912109375
-1.02935791015625
-0.5540771484375
-0.87030029296875
-0.11712646484375
-0.0736083984375
-0.19879150390625
-0.45489501953125
-0.13397216796875
0.12445068359375
-0.37493896484375
0.56329345703125
-0.4442138671875
-0.39886474609375
-0.04205322265625
-0.84912109375
-0.10858154296875
0.2750244140625
-0.5921630859375
-0.20977783203125
-0.3330078125
-0.1461181640625
1.09814453125
-0.56390380859375
0.21551513671875
0.05218505859375
-0.38458251953125
0.22003173828125
-0.1846923828125
0.38104248046875
0.416748046875
-0.70819091796875
-0.79449462890625
-0.278076171875
-0.25677490234375
-0.2547607421875
0.07952880859375
-0.2081298828125
0.375244140625
-0.02728271484375
-0.34649658203125
0.0477294921875
-0.30712890625
-0.3953857421875
-0.76025390625
-0.4681396484375
-0.1962890625
0.03656005859375
0.17669677734375
-0.83966064453125
0.04913330078125
0.01141357421875
0.40966796875
-0.1087646484375
-0.421142578125
0.1409912109375
0.0986328125
-0.11822509765625
0.47607421875
-0.22174072265625
-0.30487060546875
-0.0902099609375
0.147216796875
0.53765869140625
-1.0596923828125
-0.51641845703125
0.022705078125
-0.72119140625
-0.8670654296875
-1.08099365234375
-0.58917236328125
-0.90399169921875
-0.24188232421875
-0.0909423828125
-0.4229736328125
-0.17254638671875
-0.233154296875
-0.72113037109375
-0.34014892578125
-0.46026611328125
-0.28521728515625
0.69952392578125
-0.2447509765625
0.251220703125
0.793212890625
-0.19024658203125
-0.69049072265625
-0.38580322265625
0.88812255859375
-0.54595947265625
-0.8359375
-0.0296630859375
-0.035400390625
-0.6962890625
-0.45330810546875
0.20635986328125
0.33123779296875
-0.019775390625
-0.517822265625
0.39874267578125
0.4970703125
0.71063232421875
-0.35028076171875
-0.3037109375
-1.140380859375
-0.512939453125
0.60516357421875
0.388671875
-0.02496337890625
-0.582275390625
-0.20654296875
-1.6234130859375
-0.87420654296875
0.27752685546875
0.67877197265625
0.2239990234375
-0.40032958984375
-0.34869384765625
0.23516845703125
0.09368896484375
-0.96575927734375
-0.91888427734375
-0.663818359375
0.1329345703125
1.4970703125
-0.45050048828125
-0.6707763671875
-0.06671142578125
-0.595947265625
-0.0093994140625
0.17083740234375
-0.03948974609375
-0.89471435546875
0.19757080078125
0.69024658203125
-0.982666015625
0.1270751953125
0.212646484375
0.5770263671875
0.30419921875
-0.14874267578125
-0.45709228515625
-0.57537841796875
-0.9156494140625
0.25640869140625
0.360107421875
0.53326416015625
1.09912109375
-0.7308349609375
-0.39935302734375
-0.2745361328125
-0.72406005859375
-0.04913330078125
-0.39105224609375
-0.351318359375
-0.67144775390625
-0.63580322265625
0.91796875
-0.01239013671875
-0.42254638671875
-0.81884765625
0.04052734375
-0.1842041015625
-0.4886474609375
-1.053955078125
-0.42596435546875
0.200927734375
-0.06903076171875
0.53912353515625
0.95611572265625
-0.8370361328125
-0.2803955078125
-0.63287353515625
-0.02398681640625
0.14044189453125
-0.526123046875
0.2906494140625
0.28118896484375
0.19329833984375
-0.07940673828125
-0.33489990234375
-0.11102294921875
-0.2801513671875
-0.7000732421875
0.89141845703125
0.56707763671875
-0.37744140625
-0.77880859375
-0.3233642578125
0.44793701171875
0.07989501953125
0.884033203125
0.1812744140625
-0.172119140625
-0.109619140625
-0.6463623046875
-0.6656494140625
-0.0767822265625
-0.25360107421875
-0.53369140625
-0.89886474609375
-0.17120361328125
0.802734375
-0.167236328125
0.1656494140625
-0.63214111328125
-0.15118408203125
0.66796875
-0.754150390625
-0.9481201171875
-0.5667724609375
0.04156494140625
0.1171875
-0.27008056640625
-0.30926513671875
0.40771484375
0.1431884765625
-0.07073974609375
-0.28704833984375
-0.29351806640625
-0.03582763671875
0.03155517578125
-0.3406982421875
-0.29718017578125
0.10650634765625
-0.665771484375
0.34417724609375
0.3148193359375
-0.12310791015625
-0.15460205078125
0.25579833984375
0.09844970703125
-0.21429443359375
-0.30352783203125
-0.06622314453125
-0.32867431640625
-0.35345458984375
0.260498046875
-0.48541259765625
0.07781982421875
-0.072509765625
-0.195556640625
-0.3751220703125
-0.16845703125
-0.33758544921875
0.40618896484375
-0.49267578125
0.0380859375
0.1861572265625
-0.26171875
-0.39581298828125
-0.5576171875
-0.9222412109375
-0.48211669921875
0.50726318359375
-0.30706787109375
-0.139892578125
-0.2276611328125
0.00531005859375
0.181884765625
-0.17523193359375
-0.53009033203125
-0.13372802734375
-0.50994873046875
0.35565185546875
0.4324951171875
-0.05023193359375
0.54144287109375
0.28326416015625
-0.5640869140625
0.08245849609375
-0.813720703125
0.78466796875
-0.690673828125
-0.1739501953125
-0.48486328125
-0.22406005859375
0.06158447265625
0.23699951171875
0.40191650390625
0.11566162109375
0.32000732421875
0.79193115234375
-0.070068359375
-0.655517578125
-0.3851318359375
-0.01446533203125
0.97662353515625
-0.38214111328125
0.38641357421875
-0.44573974609375
0.4007568359375
0.3392333984375
-1.0169677734375
-0.203369140625
-0.1854248046875
0.75433349609375
0.26519775390625
0.48980712890625
0.4300537109375
-0.81781005859375
-0.70281982421875
-0.65838623046875
-0.9840087890625
0.275146484375
-0.0302734375
-0.36700439453125
0.4251708984375
0.0860595703125
-0.58697509765625
0.51995849609375
-0.56488037109375
0.0250244140625
0.89666748046875
-0.3865966796875
-0.06640625
-0.57635498046875
-0.78076171875
0.4359130859375
0.2210693359375
0.16265869140625
-0.39111328125
0.291015625
0.1441650390625
-0.04791259765625
-0.31146240234375
0.16656494140625
-0.2547607421875
-0.74420166015625
-0.229248046875
0.9151611328125
-0.1702880859375
-0.39996337890625
-0.29461669921875
-0.67193603515625
0.2945556640625
0.28924560546875
-0.708984375
-0.2760009765625
0.778564453125
-0.604248046875
-0.5982666015625
0.218994140625
-0.4359130859375
-0.0760498046875
-0.50091552734375
-0.17950439453125
0.1441650390625
0.147216796875
0.13995361328125
-0.01544189453125
0.0338134765625
0.40643310546875
-0.00946044921875
0.32440185546875
1.11236572265625
-0.072998046875
-1.12127685546875
-0.302001953125
-0.343994140625
0.35662841796875
-0.50946044921875
-1.23199462890625
-0.626953125
0.1151123046875
0.10394287109375
-0.3944091796875
-0.50030517578125
0.38543701171875
0.62200927734375
0.3292236328125
-0.8173828125
0.83868408203125
-0.31512451171875
-0.1573486328125
-0.2669677734375
-0.4342041015625
-0.509521484375
0.325439453125
0.46685791015625
-0.3375244140625
-0.49127197265625
0.2724609375
0.0118408203125
0.07208251953125
-0.3726806640625
-0.65374755859375
-0.66387939453125
-0.04779052734375
-0.052001953125
-0.1417236328125
0.21002197265625
-0.21783447265625
-0.09918212890625
-0.96295166015625
-0.01617431640625
0.498046875
0.40667724609375
0.104248046875
0.4241943359375
0.7889404296875
-0.5980224609375
-0.46856689453125
-0.328369140625
-0.23297119140625
0.25653076171875
0.17974853515625
0.02294921875
0.240234375
-0.40240478515625
0.29833984375
0.08331298828125
-0.19085693359375
-0.88604736328125
0.43194580078125
-0.438720703125
-0.39111328125
-0.0098876953125
0.04541015625
-0.316162109375
-0.04296875
-0.2608642578125
0.01123046875
-0.35443115234375
-0.7435302734375
-0.11822509765625
-0.383544921875
-0.80224609375
-0.243896484375
-0.594482421875
0.4332275390625
-0.39447021484375
0.3272705078125
0.07421875
-0.19854736328125
-0.5279541015625
-0.876953125
-0.38909912109375
-0.158935546875
0.1751708984375
0.31744384765625
0.330078125
-0.35235595703125
0.1943359375
-0.25323486328125
-1.0711669921875
0.1885986328125
1.25103759765625
0.70416259765625
0.8514404296875
-0.51690673828125
-0.19158935546875
0.02911376953125
-0.50677490234375
0.7384033203125
0.1195068359375
0.24432373046875
-0.62322998046875
-0.0999755859375
0.00640869140625
0.9432373046875
0.42132568359375
-0.2528076171875
0.19891357421875
0.61181640625
-0.02301025390625
-0.14776611328125
-0.78802490234375
-0.29620361328125
0.34307861328125
0.30694580078125
0.97283935546875
-0.03125
-0.95806884765625
-0.41607666015625
0.297607421875
0.51617431640625
-0.33740234375
-0.3284912109375
0.10223388671875
0.14727783203125
0.74334716796875
-0.891357421875
0.04986572265625
0.4229736328125
0.20166015625
-0.26397705078125
-0.68341064453125
-0.20654296875
0.096435546875
-0.63531494140625
-0.44677734375
-0.4705810546875
0.259033203125
0.5731201171875
-0.45904541015625
-0.712890625
-0.080810546875
0.30023193359375
-0.0252685546875
-0.10113525390625
-0.09796142578125
-0.3880615234375
-0.5255126953125
-0.02117919921875
0.184326171875
-0.58148193359375
0.23028564453125
-0.25616455078125
-0.1551513671875
0.19207763671875
0.46954345703125
-0.17950439453125
-0.01739501953125
-0.333251953125
0.1614990234375
-0.71295166015625
0.64013671875
0.2901611328125
-0.77740478515625
-1.04425048828125
-0.53912353515625
0.74761962890625
-0.12225341796875
0.08087158203125
0.64544677734375
0.51690673828125
-0.03009033203125
0.35595703125
-0.41436767578125
-0.60833740234375
0.0958251953125
-0.3138427734375
-0.038818359375
-0.2314453125
0.0316162109375
0.17144775390625
-0.25244140625
-0.7596435546875
-0.434326171875
-0.433349609375
0.035400390625
0.301025390625
-0.50909423828125
-0.520263671875
0.5880126953125
-0.424560546875
0.192626953125
-0.23297119140625
0.1529541015625
-0.11480712890625
-0.79815673828125
0.23345947265625
-0.482177734375
-0.4066162109375
0.8251953125
-0.17047119140625
-0.31829833984375
-0.74761962890625
-0.46954345703125
0.45428466796875
-0.14349365234375
-0.59918212890625
-0.4091796875
0.07745361328125
-0.436767578125
0.53253173828125
0.397216796875
-0.507080078125
-0.6943359375
-0.17486572265625
-0.56781005859375
0.5400390625
-0.18402099609375
0.0694580078125
0.52947998046875
-0.5333251953125
0.00323486328125
-0.3387451171875
0.04388427734375
-0.09832763671875
0.1199951171875
0.104248046875
-0.15594482421875
-0.25823974609375
-0.16278076171875
-0.05029296875
0.76544189453125
-0.65008544921875
0.1138916015625
0.06268310546875
0.46148681640625
-0.15771484375
-0.28045654296875
-0.42938232421875
0.0579833984375
-0.40869140625
-0.1727294921875
-0.30718994140625
-0.110595703125
-0.0693359375
0.59674072265625
0.25927734375
-1.1029052734375
0.055419921875
-0.24237060546875
-0.609130859375
0.23095703125
-0.4383544921875
0.00115966796875
-0.0792236328125
-0.1480712890625
-0.75531005859375
0.2486572265625
-0.15899658203125
-0.55072021484375
-0.42095947265625
-0.9356689453125
-0.25653076171875
-0.3770751953125
0.244384765625
0.25634765625
-0.62542724609375
-0.39019775390625
-0.98748779296875
-0.8187255859375
0.1923828125
0.3240966796875
-0.07855224609375
-0.14691162109375
-0.42266845703125
-0.76312255859375
-1.029541015625
0.4158935546875
0.69525146484375
0.5101318359375
-0.86248779296875
-0.32769775390625
0.6495361328125
-0.05548095703125
-1.1295166015625
-0.92034912109375
-0.81512451171875
0.87738037109375
0.275146484375
-0.03582763671875
0.19622802734375
-0.8033447265625
-0.98468017578125
1.091796875
-0.6051025390625
-0.69586181640625
0.3167724609375
1.031982421875
0.66607666015625
-0.2015380859375
-0.38092041015625
-0.6826171875
0.785888671875
0.4951171875
-0.33807373046875
-0.1763916015625
-0.2828369140625
-1.01458740234375
0.2794189453125
0.697265625
-0.1556396484375
0.3477783203125
-0.647216796875
0.03570556640625
0.18756103515625
-0.96844482421875
0.2894287109375
0.3853759765625
-0.15606689453125
-0.62591552734375
-0.62335205078125
1.40411376953125
0.61962890625
-0.485595703125
-0.75225830078125
0.24951171875
-0.42803955078125
-0.52105712890625
-0.29608154296875
-0.27325439453125
0.3245849609375
0.932861328125
-0.06793212890625
-1.3262939453125
-0.6351318359375
-0.68328857421875
-0.05682373046875
-0.58795166015625
0.43585205078125
-0.1856689453125
-0.34722900390625
-0.01507568359375
0.01177978515625
0.1754150390625
-0.39276123046875
0.60015869140625
-0.06787109375
-0.214599609375
-0.84893798828125
0.06005859375
-0.32373046875
-0.03936767578125
1.01019287109375
-0.0794677734375
0.0228271484375
0.52740478515625
0.0322265625
-0.67950439453125
-0.53118896484375
-0.0694580078125
-0.3013916015625
-0.47833251953125
0.25823974609375
-0.4798583984375
-0.5050048828125
-0.1883544921875
0.0836181640625
0.6282958984375
-0.68994140625
-0.3109130859375
-0.10687255859375
-0.39617919921875
-0.2308349609375
-0.3980712890625
-0.539306640625
0.1549072265625
-0.30670166015625
0.02294921875
-0.4090576171875
0.01422119140625
-0.01434326171875
-0.85101318359375
0.235107421875
-0.27630615234375
0.5360107421875
0.45416259765625
0.29864501953125
-0.78717041015625
-0.33856201171875
0.44586181640625
-0.00616455078125
0.30145263671875
0.01611328125
0.01153564453125
0.3653564453125
0.39862060546875
-0.654052734375
-0.16656494140625
0.3409423828125
0.171630859375
0.06158447265625
0.444580078125
0.53656005859375
-0.3868408203125
0.2252197265625
0.43359375
-0.2918701171875
0.41790771484375
0.411865234375
-0.58990478515625
-0.0250244140625
-0.09246826171875
0.43475341796875
0.2291259765625
0.0645751953125
0.2484130859375
-0.1336669921875
-0.3875732421875
-0.42431640625
-0.233642578125
-0.28094482421875
-0.36761474609375
-0.29644775390625
0.38787841796875
0.513916015625
-0.48785400390625
0.5078125
-0.2847900390625
-0.62127685546875
-0.0439453125
-0.2821044921875
0.07635498046875
0.5621337890625
-0.08062744140625
-0.07659912109375
-0.00030517578125
-0.23736572265625
-0.43145751953125
0.1474609375
0.5712890625
0.70587158203125
-0.72052001953125
-0.76715087890625
-0.2470703125
0.1622314453125
-0.568115234375
-0.2227783203125
0.17803955078125
0.01593017578125
-0.36767578125
0.017578125
-0.418701171875
-0.2403564453125
-0.331298828125
-0.21697998046875
-0.31158447265625
0.29473876953125
-0.2164306640625
-0.34747314453125
-0.75714111328125
-0.01910400390625
0.38134765625
-0.61798095703125
0.01507568359375
0.959228515625
-0.5047607421875
-0.78741455078125
0.90338134765625
-1.16522216796875
-0.7733154296875
0.60919189453125
0.07220458984375
-0.0400390625
0.08941650390625
-0.9949951171875
-0.00067138671875
-0.56915283203125
0.58880615234375
0.1905517578125
-0.57330322265625
0.47027587890625
0.02203369140625
-0.590087890625
1.08599853515625
0.41046142578125
0.32623291015625
-0.1162109375
0.66650390625
-0.63665771484375
-0.11798095703125
0.574951171875
-0.22991943359375
-0.0792236328125
-0.2813720703125
-0.46881103515625
0.53289794921875
0.25970458984375
-0.10528564453125
-0.48748779296875
-0.537841796875
0.78472900390625
0.03375244140625
0.43212890625
0.21185302734375
0.4302978515625
-0.59576416015625
0.3875732421875
-0.27789306640625
0.23065185546875
0.16778564453125
-1.1002197265625
-0.5032958984375
0.66180419921875
0.1131591796875
-0.18994140625
-0.584228515625
0.88275146484375
-0.9378662109375
0.00408935546875
-0.177978515625
0.0628662109375
0.06268310546875
-0.0245361328125
0.09466552734375
0.64361572265625
-0.5247802734375
0.04937744140625
-0.2203369140625
0.89678955078125
-0.26336669921875
0.107421875
-0.32244873046875
-0.00537109375
-0.86883544921875
-0.224609375
-0.26495361328125
0.14727783203125
-0.015625
0.4923095703125
-0.099365234375
-0.56011962890625
0.7247314453125
0.62017822265625
-0.54217529296875
-0.3516845703125
-0.1719970703125
-0.37921142578125
-0.8001708984375
-0.326416015625
-0.24212646484375
-0.48907470703125
0.12005615234375
-0.3428955078125
0.18951416015625
-0.2254638671875
-0.32806396484375
-0.0491943359375
-0.53863525390625
-0.01953125
0.20208740234375
-0.38433837890625
-0.27227783203125
-0.11846923828125
0.2752685546875
0.0169677734375
-0.35003662109375
0.3125
0.02734375
0.0123291015625
-0.43988037109375
0.021728515625
0.2269287109375
-0.24078369140625
-0.14166259765625
-0.86468505859375
-0.43780517578125
-0.3668212890625
-0.6865234375
0.03271484375
-0.0181884765625
-0.22882080078125
0.5643310546875
-0.16607666015625
-0.1317138671875
0.74298095703125
-0.44354248046875
0.136474609375
-0.549560546875
0.3248291015625
-0.326904296875
-0.22235107421875
-0.00164794921875
-0.092041015625
0.54693603515625
-0.14642333984375
0.49407958984375
-0.3519287109375
-0.32305908203125
-0.17474365234375
-0.65643310546875
-0.24761962890625
-0.35260009765625
0.31109619140625
-0.04833984375
0.0994873046875
0.24603271484375
0.18212890625
0.06878662109375
-0.1055908203125
-0.2098388671875
-0.12310791015625
-0.044921875
-0.05914306640625
-0.123291015625
-0.9874267578125
0.037353515625
0.17132568359375
-0.33831787109375
0.386474609375
0.68255615234375
0.15997314453125
-0.972900390625
-0.927734375
0.39276123046875
1.22979736328125
0.02447509765625
0.0938720703125
-0.00341796875
-0.28594970703125
-0.8250732421875
-0.6871337890625
-0.71923828125
0.07318115234375
0.72412109375
0.0228271484375
0.052490234375
0.2689208984375
-1.9451904296875
-0.852294921875
-0.22052001953125
-0.442626953125
-0.42315673828125
-0.25701904296875
0.898193359375
0.35101318359375
-1.29400634765625
-1.3583984375
1.40728759765625
-0.150390625
-0.80322265625
0.245849609375
-0.8662109375
-0.24493408203125
0.03228759765625
-0.32568359375
0.330078125
0.18243408203125
0.58892822265625
0.7464599609375
-0.08392333984375
-1.05816650390625
0.31195068359375
-0.28173828125
-0.45111083984375
-0.41473388671875
-0.761962890625
-0.30712890625
0.828369140625
0.28302001953125
-0.1990966796875
-0.57183837890625
-0.151123046875
1.06573486328125
0.50750732421875
-0.38861083984375
-0.47607421875
0.1234130859375
-0.15673828125
0.70947265625
-0.2972412109375
-0.24859619140625
-1.1748046875
-0.131591796875
-0.293212890625
0.348388671875
-0.1883544921875
-0.33038330078125
0.42816162109375
-0.20379638671875
0.04119873046875
-0.63385009765625
0.35479736328125
-0.2293701171875
-0.19097900390625
-0.75506591796875
0.0145263671875
-0.0234375
0.1990966796875
0.02496337890625
-0.13397216796875
-0.2803955078125
-0.571533203125
-0.031982421875
0.4169921875
-0.02886962890625
-0.38702392578125
0.28936767578125
-0.2733154296875
-0.29949951171875
-0.09881591796875
0.017578125
-0.03802490234375
-0.1134033203125
0.23809814453125
-0.46636962890625
-0.47332763671875
-0.26898193359375
-0.345947265625
0.65692138671875
0.26068115234375
0.50128173828125
0.40631103515625
0.10162353515625
0.06622314453125
-0.3994140625
-0.3975830078125
-0.189697265625
0.02630615234375
-0.2637939453125
-0.61370849609375
-0.2091064453125
-0.1285400390625
-0.75762939453125
-0.4683837890625
0.18878173828125
-0.0792236328125
0.58856201171875
-0.15411376953125
-0.30731201171875
-0.345947265625
-0.07757568359375
-0.32763671875
-0.1865234375
-0.2596435546875
-0.033203125
0.72686767578125
-0.01019287109375
-0.244384765625
-0.4471435546875
-0.4927978515625
-0.3646240234375
-0.10162353515625
-0.0302734375
-0.24151611328125
0.23492431640625
-0.31988525390625
-0.14642333984375
-0.7454833984375
0.2728271484375
-0.1505126953125
0.06585693359375
-0.2039794921875
-0.8726806640625
-0.39971923828125
-0.0950927734375
-0.20965576171875
-0.1646728515625
-0.32110595703125
0.45697021484375
-0.6683349609375
-0.36529541015625
-0.14520263671875
-0.57586669921875
-0.0731201171875
-0.24688720703125
-0.22314453125
-0.11932373046875
0.29449462890625
-0.14849853515625
-0.2962646484375
-0.34307861328125
0.27825927734375
-0.58172607421875
-0.58135986328125
0.8665771484375
0.33209228515625
-0.33587646484375
-0.68218994140625
-0.63201904296875
0.0623779296875
0.4796142578125
0.98431396484375
0.0386962890625
-0.49444580078125
-0.4359130859375
-0.7191162109375
-0.68499755859375
0.71868896484375
0.82928466796875
0.53485107421875
-0.007568359375
-0.2279052734375
-0.28533935546875
0.21185302734375
0.04296875
-0.5999755859375
-0.6011962890625
-0.5791015625
0.98419189453125
0.14227294921875
-0.7537841796875
-0.6129150390625
0.78924560546875
0.803955078125
-0.39520263671875
-0.2950439453125
-0.4937744140625
0.26507568359375
0.29632568359375
0.66351318359375
-0.3468017578125
-0.501220703125
-0.0611572265625
-0.99609375
-0.70269775390625
-0.15185546875
-0.4932861328125
-0.580810546875
-0.5224609375
0.446533203125
-0.08575439453125
0.7318115234375
-0.981689453125
-0.50665283203125
0.3040771484375
-0.8223876953125
-0.58197021484375
0.4241943359375
-0.6602783203125
0.59747314453125
0.97064208984375
0.556640625
-0.03350830078125
-1.0458984375
-0.19696044921875
0.6710205078125
-0.4661865234375
0.44195556640625
-0.1947021484375
-0.24700927734375
0.903076171875
0.2115478515625
-0.78729248046875
0.41357421875
-0.39666748046875
0.36370849609375
0.13336181640625
-0.36285400390625
0.3125
0.4273681640625
-0.1636962890625
-0.0286865234375
-0.33624267578125
-0.24493408203125
0.67919921875
-0.21759033203125
0.51629638671875
0.0511474609375
-0.32867431640625
0.14703369140625
0.57354736328125
0.12908935546875
-0.400390625
-0.1949462890625
-0.18499755859375
0.74774169921875
0.05926513671875
-0.35302734375
0.3367919921875
-0.2103271484375
0.57403564453125
0.0692138671875
0.32940673828125
0.228759765625
-0.44195556640625
0.50213623046875
-0.32965087890625
-0.76287841796875
0.2396240234375
-0.1014404296875
0.145751953125
0.0179443359375
-0.30548095703125
-0.30487060546875
-0.66845703125
-0.39349365234375
-0.08624267578125
-0.05303955078125
-0.05908203125
0.4002685546875
-0.58099365234375
-0.95440673828125
0.73992919921875
-0.2305908203125
-0.38458251953125
0.14166259765625
-0.36138916015625
0.23663330078125
-0.07647705078125
-0.393798828125
0.01611328125
0.243408203125
0.09051513671875
0.07525634765625
-0.712158203125
-0.04913330078125
0.1761474609375
-0.27374267578125
-0.96856689453125
0.3597412109375
-0.81451416015625
-0.0660400390625
-0.02972412109375
-0.914306640625
-0.289306640625
-0.43023681640625
-0.08819580078125
-0.05352783203125
-0.29400634765625
-0.26416015625
0.4447021484375
-0.60064697265625
-0.736572265625
-0.0064697265625
0.14276123046875
-0.249267578125
-0.14129638671875
-0.0970458984375
0.244384765625
0.10400390625
-0.50445556640625
-0.3802490234375
0.67510986328125
-0.20452880859375
-0.30450439453125
-0.42889404296875
0.35333251953125
0.5640869140625
-0.25396728515625
-0.1365966796875
0.16827392578125
0.2584228515625
0.55523681640625
0.46844482421875
-0.47259521484375
0.45989990234375
-0.19036865234375
0.32147216796875
-0.29400634765625
0.24176025390625
0.82257080078125
-0.46221923828125
-0.97747802734375
-0.04736328125
-0.263916015625
0.10211181640625
-0.05926513671875
-0.0419921875
-0.11279296875
-0.71807861328125
-0.34136962890625
0.30462646484375
0.8583984375
-0.293212890625
-0.70745849609375
0.015380859375
0.3011474609375
-0.316650390625
-1.26873779296875
-0.5399169921875
-0.23822021484375
0.9610595703125
-0.09442138671875
-0.95159912109375
0.0823974609375
-0.4085693359375
-0.55169677734375
0.299560546875
0.47662353515625
-0.89410400390625
0.576171875
1.15679931640625
0.1590576171875
-0.80169677734375
-0.6800537109375
-0.6793212890625
0.67449951171875
0.3057861328125
-0.45672607421875
-0.83843994140625
-0.82537841796875
0.13812255859375
0.1158447265625
-0.15362548828125
0.13037109375
0.634765625
-0.73876953125
-0.98187255859375
-0.13543701171875
-0.76129150390625
0.2630615234375
0.02032470703125
0.19635009765625
-0.249267578125
0.1595458984375
0.73345947265625
-0.7386474609375
-0.25469970703125
0.23297119140625
-0.50653076171875
0.44500732421875
-0.26654052734375
-0.16314697265625
-0.2197265625
0.94317626953125
-0.15179443359375
-0.16571044921875
0.1722412109375
0.6168212890625
-0.0850830078125
0.183349609375
-0.4173583984375
0.25146484375
0.94573974609375
0.4876708984375
0.36468505859375
0.34100341796875
-0.0794677734375
0.004150390625
-0.4761962890625
-0.69427490234375
0.2298583984375
0.180908203125
-0.6397705078125
0.4794921875
0.4345703125
0.6220703125
0.39208984375
-0.3719482421875
-0.5419921875
-0.33343505859375
0.23675537109375
-0.61236572265625
0.13323974609375
-0.1832275390625
-0.21380615234375
0.4105224609375
-0.18365478515625
-0.411376953125
-0.1771240234375
-0.5865478515625
0.20758056640625
0.180908203125
0.168701171875
-0.8177490234375
-0.43878173828125
-0.19952392578125
-0.321044921875
0.364501953125
-0.6387939453125
-0.1568603515625
0.23455810546875
0.2628173828125
0.2744140625
-0.947265625
0.1343994140625
0.04998779296875
0.07733154296875
0.0311279296875
0.04541015625
-0.46978759765625
0.11083984375
0.40435791015625
-0.1820068359375
0.2088623046875
-0.34063720703125
-0.13232421875
0.041748046875
-0.23858642578125
-0.51702880859375
0.4471435546875
-0.34765625
0.28179931640625
0.87939453125
-0.2022705078125
-0.37603759765625
-0.27392578125
-0.6195068359375
-0.02740478515625
-0.8299560546875
-0.3011474609375
1.033935546875
0.87213134765625
-0.105712890625
-0.310791015625
-0.45587158203125
0.70233154296875
0.545654296875
-0.41827392578125
0.10882568359375
-0.42266845703125
0.05657958984375
0.34747314453125
-0.31005859375
-0.1444091796875
-1.03839111328125
0.63177490234375
0.09478759765625
0.20654296875
0.00823974609375
-0.294189453125
-1.00946044921875
0.2105712890625
-0.02252197265625
-0.29608154296875
0.09100341796875
0.285888671875
-0.7003173828125
-0.25482177734375
0.37213134765625
0.36279296875
0.2139892578125
0.6826171875
-0.29791259765625
0.23638916015625
-0.6356201171875
-0.9718017578125
0.8134765625
-0.27203369140625
0.4332275390625
-0.11541748046875
-0.794189453125
-0.62225341796875
0.5145263671875
0.607666015625
0.08709716796875
0.5797119140625
-0.310546875
-0.56097412109375
0.5538330078125
0.510986328125
-1.0084228515625
-0.21661376953125
-0.2852783203125
-0.5640869140625
-0.48175048828125
0.451904296875
-0.5966796875
-0.19659423828125
-0.03936767578125
0.53814697265625
-1.101318359375
-0.614013671875
-0.3489990234375
-0.3349609375
1.0322265625
-0.01165771484375
0.55828857421875
-0.18023681640625
0.6417236328125
0.2724609375
-0.6126708984375
0.31121826171875
-1.08843994140625
-0.037109375
-0.06597900390625
0.31890869140625
0.52166748046875
0.949462890625
0.1142578125
-1.7423095703125
-0.35479736328125
-0.6549072265625
0.21258544921875
0.00384521484375
-0.63140869140625
-0.21630859375
0.07659912109375
0.28448486328125
0.15386962890625
-1.529052734375
-0.20843505859375
0.31732177734375
-0.007080078125
0.02679443359375
-0.5662841796875
0.07379150390625
0.023681640625
-0.2655029296875
-0.6771240234375
0.11724853515625
0.086181640625
-0.27349853515625
0.16552734375
-0.78912353515625
-0.1019287109375
-0.208251953125
-0.01666259765625
-0.322998046875
-0.46923828125
-0.03253173828125
-0.09521484375
0.14599609375
-0.36279296875
0.26177978515625
0.37646484375
-0.449462890625
0.640380859375
-0.04034423828125
0.53839111328125
0.052001953125
-0.1357421875
-0.60968017578125
-0.38848876953125
-0.1685791015625
-0.54705810546875
0.0933837890625
0.32696533203125
0.54803466796875
0.4619140625
-0.2227783203125
-0.64068603515625
-0.38031005859375
-0.15545654296875
-0.6016845703125
0.15325927734375
0.0472412109375
-0.57562255859375
-0.20648193359375
-0.39892578125
0.19586181640625
0.16668701171875
-0.13519287109375
-0.455322265625
-0.3065185546875
-0.09674072265625
-0.18731689453125
0.1771240234375
0.0048828125
-0.73614501953125
-0.4356689453125
0.42578125
0.138916015625
-0.082275390625
0.00439453125
-0.8489990234375
-0.21575927734375
0.0889892578125
0.60675048828125
-0.3216552734375
-0.16900634765625
0.41241455078125
-0.33355712890625
-0.3310546875
0.29925537109375
0.508544921875
0.06256103515625
0.41668701171875
-0.27081298828125
0.01153564453125
0.37347412109375
-0.08111572265625
-0.1959228515625
-0.5264892578125
-0.383544921875
-0.16485595703125
0.035888671875
-0.2547607421875
0.13104248046875
0.03179931640625
0.515380859375
-0.181884765625
-0.22308349609375
-0.0318603515625
-0.30035400390625
0.46234130859375
-0.40997314453125
-0.45404052734375
0.0853271484375
-0.66400146484375
-0.50335693359375
0.244140625
-0.21417236328125
-0.06976318359375
-0.97900390625
0.02532958984375
0.05401611328125
0.18017578125
-0.779296875
-0.3673095703125
-0.369384765625
-0.17193603515625
-0.007568359375
-0.50250244140625
0.385986328125
0.52593994140625
-0.12176513671875
-0.6263427734375
-0.849853515625
-0.90057373046875
-0.1522216796875
0.01220703125
0.00933837890625
-0.49078369140625
-0.1358642578125
-0.76922607421875
-0.21173095703125
0.16961669921875
0.26519775390625
-0.30230712890625
-0.0985107421875
-0.5887451171875
0.21307373046875
-0.35394287109375
-0.23583984375
-0.664306640625
-0.7308349609375
0.03662109375
0.39910888671875
-0.49285888671875
0.3372802734375
-0.635009765625
-0.0111083984375
0.72430419921875
-0.81634521484375
-0.409423828125
-0.11981201171875
-0.00042724609375
-0.12255859375
0.0380859375
-0.19873046875
0.4722900390625
1.244140625
0.048828125
-0.69244384765625
-0.821533203125
0.50897216796875
0.1737060546875
-0.22698974609375
-0.05377197265625
-0.12908935546875
0.4149169921875
0.49517822265625
-0.78265380859375
-1.41265869140625
-0.81353759765625
0.569091796875
-0.697021484375
-0.6766357421875
-0.88983154296875
-0.0264892578125
0.42236328125
0.09393310546875
-0.75628662109375
-0.1707763671875
0.560791015625
-0.0194091796875
0.430419921875
-0.18182373046875
-0.84454345703125
-0.05987548828125
-0.044189453125
0.06109619140625
0.01025390625
-0.417724609375
-0.64910888671875
-0.28045654296875
-0.47491455078125
0.5543212890625
0.16015625
-0.13909912109375
0.22552490234375
-0.4364013671875
-0.12579345703125
-0.1412353515625
-0.67718505859375
-0.5233154296875
-0.5458984375
0.35589599609375
0.07635498046875
-0.3614501953125
-0.344970703125
-0.78057861328125
0.2042236328125
-0.1002197265625
-1.431884765625
-0.40081787109375
0.48040771484375
-0.23040771484375
-0.14715576171875
-0.327880859375
0.15911865234375
0.1954345703125
0.42291259765625
-0.18048095703125
-0.05572509765625
-0.54437255859375
-0.624755859375
0.20843505859375
-0.1353759765625
-0.52789306640625
-0.46295166015625
-0.3289794921875
-0.2861328125
-0.30938720703125
-0.52655029296875
0.0948486328125
-0.157470703125
-0.29815673828125
0.67236328125
-0.24053955078125
-0.92474365234375
0.55364990234375
-0.07916259765625
-0.33221435546875
-0.56353759765625
-0.68646240234375
-0.05023193359375
-0.13909912109375
0.07928466796875
-0.018310546875
0.15869140625
0.01080322265625
0.208251953125
-0.203125
-0.45977783203125
-0.5748291015625
0.038818359375
0.3162841796875
0.00787353515625
-0.24676513671875
-0.57940673828125
-0.48870849609375
-0.06402587890625
-0.04388427734375
-0.31903076171875
-0.13092041015625
1.30975341796875
0.373779296875
-0.922607421875
-0.693359375
0.30548095703125
-0.1978759765625
-0.36639404296875
0.12384033203125
-0.1846923828125
-0.59619140625
0.36956787109375
0.41229248046875
-0.41009521484375
0.0015869140625
-0.04669189453125
-0.3236083984375
-0.05517578125
0.1229248046875
0.258056640625
-0.4423828125
-0.034423828125
-0.41943359375
0.16864013671875
-0.176513671875
-0.144287109375
0.2137451171875
-0.30364990234375
0.2796630859375
-0.4652099609375
-0.07330322265625
-0.43035888671875
-0.67120361328125
0.36956787109375
0.7005615234375
0.19390869140625
-0.37066650390625
0.264404296875
0.3310546875
-0.29315185546875
-0.35797119140625
0.12640380859375
-0.7034912109375
-0.390869140625
-1.25762939453125
0.62518310546875
1.4180908203125
0.0164794921875
-0.52459716796875
-0.27935791015625
0.30902099609375
-0.53466796875
-1.41119384765625
-0.79443359375
0.954345703125
0.81024169921875
0.237060546875
-0.3623046875
-0.38372802734375
-1.3568115234375
-0.08740234375
-0.15130615234375
-1.3751220703125
-0.14129638671875
1.025390625
-0.21368408203125
0.0831298828125
0.87481689453125
-0.0821533203125
0.12384033203125
-0.13934326171875
-0.255859375
0.50933837890625
-0.048583984375
0.28741455078125
-0.71282958984375
-0.84405517578125
-0.05767822265625
-0.1129150390625
1.003173828125
-0.16546630859375
-0.71160888671875
-1.00311279296875
-0.1043701171875
0.8153076171875
-0.26446533203125
-0.54644775390625
0.191650390625
0.0428466796875
0.80035400390625
0.7557373046875
-0.6981201171875
-0.179443359375
-0.6248779296875
0.95318603515625
-0.0167236328125
-0.62530517578125
-0.08441162109375
-0.1685791015625
0.13153076171875
0.2939453125
-0.21441650390625
0.0438232421875
0.62969970703125
-0.55133056640625
-0.490234375
-0.5947265625
-0.55413818359375
-0.01275634765625
-0.3134765625
0.184814453125
0.4765625
-0.375244140625
-0.7130126953125
0.275634765625
-0.0062255859375
0.22076416015625
-0.3094482421875
-0.6962890625
-0.7431640625
-0.33441162109375
0.064453125
-0.73370361328125
-0.66510009765625
-0.25970458984375
0.0501708984375
0.0140380859375
-0.758544921875
-0.92620849609375
-0.52825927734375
0.529052734375
0.25848388671875
0.154052734375
0.0494384765625
0.34124755859375
0.35601806640625
0.31549072265625
-0.22784423828125
-0.17230224609375
-0.4354248046875
0.09088134765625
-0.0679931640625
0.2384033203125
-0.2515869140625
-0.4478759765625
-0.28125
-0.39666748046875
-0.450927734375
-0.2237548828125
-0.03826904296875
-0.05499267578125
-0.0181884765625
0.30047607421875
-0.1632080078125
0.46649169921875
-0.27630615234375
-0.4669189453125
0.4033203125
-0.14984130859375
-0.2490234375
0.32098388671875
0.37103271484375
0.4678955078125
-0.31689453125
0.07977294921875
-0.29888916015625
-0.1422119140625
0.1649169921875
-0.40057373046875
0.11834716796875
-0.0130615234375
-0.0087890625
-0.905029296875
-0.05096435546875
0.5343017578125
0.008056640625
0.212646484375
0.12396240234375
0.269287109375
-0.72412109375
-0.24267578125
-0.083984375
-0.33001708984375
-0.0006103515625
-0.468994140625
0.0264892578125
-0.2757568359375
0.36651611328125
0.07830810546875
-0.385986328125
-0.66473388671875
-1.13507080078125
-0.19427490234375
0.14208984375
0.13079833984375
-0.50213623046875
-0.18206787109375
-0.414306640625
0.35101318359375
0.55224609375
-0.25927734375
0.16217041015625
0.56689453125
-0.43756103515625
-0.703125
-0.4501953125
0.140869140625
0.00750732421875
-0.94512939453125
-1.22528076171875
-0.45849609375
0.1102294921875
0.3800048828125
-0.24993896484375
0.31805419921875
-0.5390625
-0.63824462890625
-0.6842041015625
0.212890625
0.39727783203125
0.42047119140625
-0.8514404296875
-0.50506591796875
0.2584228515625
-0.22003173828125
-0.3597412109375
-0.0081787109375
-0.22161865234375
0.239013671875
-0.1025390625
0.66571044921875
-0.24749755859375
-0.9810791015625
-0.65380859375
0.3211669921875
-0.97027587890625
-0.7313232421875
-0.5689697265625
0.20880126953125
0.57904052734375
-0.5579833984375
0.27508544921875
0.62506103515625
-0.1832275390625
0.12628173828125
-0.47808837890625
-0.07763671875
-0.21710205078125
0.34954833984375
-0.20947265625
-0.271484375
0.2957763671875
0.60235595703125
-0.563232421875
-0.81103515625
-0.469970703125
-0.8433837890625
-0.0567626953125
0.72747802734375
-0.52850341796875
0.24505615234375
-0.34912109375
0.4935302734375
0.05450439453125
-0.51953125
0.12518310546875
0.191650390625
-0.094482421875
0.80572509765625
0.1080322265625
-0.346435546875
-0.1497802734375
-0.24298095703125
-0.0499267578125
0.33673095703125
0.49920654296875
-0.112060546875
-0.7203369140625
0.07440185546875
0.12109375
-0.208984375
0.293212890625
0.21795654296875
-0.0059814453125
0.0205078125
0.38580322265625
-0.64105224609375
0.1044921875
-0.36187744140625
0.305908203125
0.2606201171875
-0.63836669921875
-0.27001953125
0.41650390625
-0.32904052734375
0.03045654296875
-0.24407958984375
-0.11083984375
0.213134765625
-0.16571044921875
0.467529296875
-0.59002685546875
-0.07403564453125
-0.3309326171875
0.0635986328125
-0.86346435546875
0.599609375
-0.1790771484375
-0.41534423828125
-0.04144287109375
-0.0762939453125
-0.40338134765625
0.15142822265625
-0.185791015625
-0.7086181640625
-0.03472900390625
-0.5635986328125
0.20458984375
-0.01922607421875
0.1856689453125
0.056640625
0.467041015625
-0.2923583984375
-0.3826904296875
0.486083984375
-0.13873291015625
-0.331298828125
-0.2762451171875
0.2034912109375
0.3604736328125
0.38653564453125
-0.52618408203125
-0.20611572265625
-0.422607421875
-0.343994140625
0.7779541015625
-0.259521484375
-0.4375
-0.24176025390625
6.103515625e-05
0.2901611328125
-0.00628662109375
0.2249755859375
-0.46954345703125
-0.57464599609375
-0.05657958984375
0.4564208984375
-0.2178955078125
0.163818359375
-0.18988037109375
0.1676025390625
-0.22564697265625
-0.0780029296875
-0.35784912109375
0.31341552734375
0.30120849609375
0.29058837890625
-0.1466064453125
-0.50128173828125
-0.17584228515625
-0.4049072265625
0.238037109375
-0.13372802734375
-0.4384765625
-0.42431640625
0.31951904296875
-0.19354248046875
-0.2867431640625
-0.33056640625
-0.05633544921875
-0.2144775390625
0.18292236328125
-0.57928466796875
0.3426513671875
-0.591796875
-0.89678955078125
-0.5516357421875
-0.266357421875
-0.13677978515625
-0.160888671875
0.00518798828125
-0.13330078125
-1.34771728515625
-0.0506591796875
-0.41815185546875
0.370361328125
0.64337158203125
-0.0162353515625
-0.4671630859375
-0.980712890625
-0.5552978515625
-0.00433349609375
1.1295166015625
0.257568359375
-0.8709716796875
0.05908203125
0.32586669921875
-0.39892578125
-0.6923828125
-0.082275390625
-0.95660400390625
-0.16180419921875
0.4786376953125
-0.425537109375
0.30145263671875
-1.89385986328125
0.31060791015625
0.18194580078125
-1.62255859375
-0.0904541015625
-0.678955078125
-0.13043212890625
0.80615234375
-0.00970458984375
-1.0313720703125
0.29815673828125
0.8951416015625
-0.28924560546875
0.2921142578125
0.28363037109375
-0.50494384765625
-0.38214111328125
-0.89654541015625
-0.54412841796875
-0.0216064453125
0.5506591796875
-0.90771484375
-0.76702880859375
-1.139892578125
-1.18597412109375
0.66156005859375
-0.0302734375
0.281005859375
-0.6236572265625
0.24810791015625
0.207275390625
-0.51385498046875
-0.23016357421875
-0.0584716796875
0.836669921875
-0.26220703125
0.22174072265625
-0.82537841796875
0.3809814453125
-0.00860595703125
-0.02398681640625
-0.44696044921875
0.095947265625
-0.257080078125
-0.3642578125
-0.295166015625
-0.183349609375
0.08660888671875
0.19549560546875
-0.20245361328125
0.05853271484375
-0.137939453125
-0.4244384765625
-0.2760009765625
-0.65045166015625
0.1781005859375
-0.58502197265625
0.135498046875
0.2406005859375
0.03228759765625
-0.2806396484375
-0.140869140625
0.02239990234375
-0.10504150390625
-0.74285888671875
0.07861328125
-0.24261474609375
0.1407470703125
-0.4830322265625
0.2725830078125
-0.25506591796875
-0.21484375
-0.130615234375
-0.661376953125
0.30517578125
-0.46929931640625
0.22674560546875
0.17486572265625
-0.43133544921875
-0.0439453125
-0.175048828125
-0.96124267578125
0.2421875
0.0771484375
-0.02252197265625
0.1905517578125
0.033203125
0.05548095703125
0.0279541015625
0.40716552734375
-0.8665771484375
-0.8558349609375
-0.361328125
0.7232666015625
-0.61260986328125
-0.44219970703125
-0.2117919921875
-0.1446533203125
0.15423583984375
0.103515625
-0.35296630859375
-0.4141845703125
-0.71954345703125
-1.14752197265625
-0.39654541015625
-0.39495849609375
0.19281005859375
-0.183837890625
-0.4930419921875
0.21722412109375
-0.10748291015625
-1.08087158203125
-0.0689697265625
-0.19488525390625
-0.3829345703125
-0.12957763671875
-0.23614501953125
0.34002685546875
-0.5263671875
0.4368896484375
0.07171630859375
0.09130859375
-0.4490966796875
-0.190185546875
-0.06756591796875
-0.5916748046875
-0.16290283203125
-0.177734375
-0.44403076171875
-0.36767578125
0.29779052734375
-0.49127197265625
0.2021484375
-0.1116943359375
-0.126953125
0.53448486328125
-0.27880859375
0.208740234375
-0.33673095703125
-0.42010498046875
1.0771484375
0.40167236328125
0.27471923828125
-0.16485595703125
0.6025390625
-0.14697265625
-0.3929443359375
0.4766845703125
-0.03033447265625
0.85943603515625
-0.1092529296875
-0.05474853515625
0.01513671875
-0.1336669921875
-0.30279541015625
-0.71099853515625
-1.224609375
-0.1666259765625
-0.63201904296875
-0.373291015625
0.6231689453125
-0.31134033203125
-0.3056640625
-0.3936767578125
-0.4332275390625
0.0675048828125
-0.4639892578125
-1.40582275390625
-0.213134765625
-1.14068603515625
0.27191162109375
0.02130126953125
-0.772705078125
-0.04632568359375
0.593017578125
-0.4852294921875
-0.6719970703125
0.4892578125
-0.0167236328125
-0.9000244140625
0.29486083984375
-0.0350341796875
-0.30914306640625
0.298095703125
-0.97869873046875
0.7945556640625
-0.30926513671875
0.12359619140625
0.61383056640625
-0.7103271484375
-0.75
0.43792724609375
0.58990478515625
-0.32025146484375
0.91583251953125
-0.21917724609375
-0.99066162109375
0.4212646484375
-0.1265869140625
0.34136962890625
-0.67755126953125
-1.0560302734375
0.29766845703125
-0.28985595703125
0.60760498046875
0.72955322265625
-1.03778076171875
-0.58026123046875
0.24029541015625
-0.63470458984375
-0.1171875
-0.37591552734375
-0.13006591796875
0.28515625
0.28680419921875
-0.59283447265625
0.48382568359375
-0.4891357421875
-0.86187744140625
-0.615966796875
-0.07855224609375
0.4100341796875
0.31768798828125
0.06121826171875
0.4022216796875
-0.05633544921875
-0.0113525390625
-0.06353759765625
-0.88543701171875
-0.0389404296875
-0.358154296875
-0.03790283203125
-0.0230712890625
0.697021484375
-0.58868408203125
0.2559814453125
0.16650390625
0.12921142578125
-0.07470703125
0.2264404296875
0.09246826171875
-0.0372314453125
-0.10382080078125
0.3958740234375
0.1602783203125
-0.3572998046875
-0.58477783203125
-0.2080078125
0.13775634765625
0.347900390625
-0.64508056640625
-1.03314208984375
0.0927734375
0.09814453125
-0.16888427734375
-0.1756591796875
-0.45220947265625
0.4595947265625
-0.03778076171875
-0.00531005859375
0.41070556640625
0.1221923828125
-0.62603759765625
0.13385009765625
-0.06689453125
0.555908203125
0.40533447265625
0.1578369140625
-0.34588623046875
-0.65484619140625
-1.034912109375
-0.597412109375
0.20037841796875
0.05859375
-0.6265869140625
0.0318603515625
-0.5572509765625
-0.13507080078125
0.46295166015625
0.02197265625
0.19647216796875
-0.378662109375
-0.7481689453125
0.1302490234375
0.5101318359375
-0.7308349609375
-0.39337158203125
-0.73663330078125
-0.31536865234375
0.2843017578125
-0.13427734375
-0.26385498046875
-0.78271484375
-0.119140625
-0.1558837890625
0.18682861328125
-0.30670166015625
0.12689208984375
0.165283203125
-0.38800048828125
-0.53936767578125
-0.7811279296875
-0.222900390625
0.01702880859375
0.17962646484375
-0.18603515625
0.017578125
0.32574462890625
-0.01812744140625
0.1507568359375
-0.3642578125
-0.09954833984375
0.93389892578125
0.3251953125
0.39239501953125
-1.10040283203125
-0.95343017578125
0.442626953125
0.42449951171875
0.27423095703125
-0.47308349609375
0.0103759765625
0.50177001953125
-1.4534912109375
-1.2337646484375
-0.01678466796875
0.15179443359375
-0.0216064453125
-0.02655029296875
0.36572265625
-0.06524658203125
-1.0897216796875
-0.257080078125
0.28460693359375
0.2115478515625
-0.112060546875
-0.358154296875
-0.2220458984375
0.43548583984375
-0.019775390625
-1.26983642578125
-0.3736572265625
-0.02294921875
-0.0997314453125
-0.7415771484375
0.19122314453125
1.11566162109375
-1.4605712890625
-1.57037353515625
1.35516357421875
-0.666015625
-1.66387939453125
-0.07659912109375
0.2479248046875
-0.19207763671875
0.37127685546875
-0.27398681640625
-0.47174072265625
0.0472412109375
-0.0108642578125
-0.85601806640625
-0.5587158203125
-1.287353515625
-0.58807373046875
-0.9310302734375
0.37347412109375
0.95404052734375
-0.07830810546875
-0.45013427734375
0.3541259765625
-1.26507568359375
-0.61309814453125
-0.0799560546875
-0.18377685546875
-0.3607177734375
-0.51104736328125
-0.7659912109375
1.291259765625
-0.5960693359375
-0.5614013671875
0.117919921875
-0.21337890625
-0.0926513671875
-0.7039794921875
-0.80908203125
0.227294921875
0.60357666015625
-0.24981689453125
-0.3887939453125
0.28167724609375
-0.14923095703125
-1.32208251953125
-0.93988037109375
-0.5069580078125
0.0496826171875
-0.14898681640625
-0.352783203125
0.14263916015625
0.154296875
-0.3367919921875
0.01287841796875
-0.59210205078125
0.03741455078125
0.46527099609375
0.19000244140625
0.48272705078125
0.71826171875
-0.4661865234375
0.01654052734375
-0.1087646484375
-0.0596923828125
0.48040771484375
-0.8294677734375
-0.02471923828125
-0.16552734375
0.5050048828125
-0.3758544921875
-1.07183837890625
-0.715087890625
-0.87451171875
0.0311279296875
0.23492431640625
-0.64599609375
-0.61834716796875
-0.10516357421875
-0.76678466796875
-0.46435546875
-0.35882568359375
-0.37701416015625
-0.12786865234375
0.56671142578125
0.34149169921875
0.561767578125
-0.9332275390625
0.267822265625
0.0086669921875
-0.47509765625
0.04595947265625
-0.09765625
-1.0777587890625
0.236572265625
0.0438232421875
-0.28509521484375
0.01849365234375
-0.0208740234375
-0.45465087890625
0.48992919921875
-0.589111328125
0.10894775390625
-0.04339599609375
0.04827880859375
-0.72503662109375
-0.3076171875
-0.598876953125
-0.27947998046875
0.02056884765625
-0.4998779296875
-0.27313232421875
-0.23626708984375
-0.34674072265625
-0.4613037109375
-0.32611083984375
-0.15740966796875
-0.113525390625
-0.15289306640625
-0.171630859375
0.4761962890625
-0.91961669921875
-0.2392578125
0.2796630859375
0.75592041015625
-0.7489013671875
-0.23272705078125
-0.53466796875
0.1846923828125
0.30487060546875
-0.2689208984375
-0.45050048828125
0.0958251953125
0.00067138671875
-0.40185546875
-0.25335693359375
-0.66339111328125
-0.25982666015625
0.08203125
0.38861083984375
0.26416015625
0.049072265625
-0.74114990234375
-0.04278564453125
-0.22314453125
-0.2806396484375
-0.13677978515625
0.48773193359375
0.53515625
-0.4215087890625
-0.159912109375
-1.102783203125
-0.1845703125
0.06036376953125
0.4671630859375
0.05572509765625
-0.12847900390625
-0.3408203125
-0.6588134765625
0.06060791015625
1.11370849609375
0.52789306640625
0.0645751953125
-0.57025146484375
0.04595947265625
0.74603271484375
-0.358154296875
-1.09295654296875
-0.6851806640625
-1.27862548828125
0.11297607421875
0.61834716796875
-0.2447509765625
-0.2900390625
-0.052490234375
-0.12457275390625
0.46710205078125
-0.68280029296875
-0.6715087890625
0.37457275390625
-0.01068115234375
0.3734130859375
-0.325439453125
-0.02557373046875
0.2764892578125
0.34478759765625
-0.369873046875
-0.17266845703125
-0.80047607421875
-0.8199462890625
0.3157958984375
-0.468505859375
-0.23797607421875
-0.05267333984375
0.704833984375
-0.5924072265625
-1.03887939453125
-0.75006103515625
-0.963623046875
-0.0308837890625
-0.3310546875
0.27130126953125
0.4254150390625
-0.8125
1.30853271484375
0.3533935546875
-0.80120849609375
0.60302734375
0.381591796875
-0.23785400390625
0.08221435546875
-0.4613037109375
-0.84271240234375
-0.56787109375
-0.16802978515625
0.7423095703125
-0.1044921875
-0.7362060546875
0.57598876953125
0.03350830078125
-0.67822265625
-0.22467041015625
-0.00103759765625
-0.13812255859375
-0.2508544921875
-0.563232421875
-0.2086181640625
-0.45892333984375
-0.0986328125
0.07928466796875
-0.8370361328125
-0.376708984375
0.34716796875
-0.3533935546875
-0.97003173828125
0.17529296875
-0.05438232421875
-0.3760986328125
0.11236572265625
0.6060791015625
0.04522705078125
-0.32183837890625
0.1566162109375
0.07403564453125
-0.05181884765625
-0.3616943359375
-0.23150634765625
-0.184326171875
-0.0953369140625
0.0404052734375
0.01434326171875
0.4908447265625
-0.126220703125
0.0867919921875
0.5015869140625
-0.02728271484375
-0.0849609375
-0.23211669921875
-0.57635498046875
-0.3079833984375
-0.30169677734375
0.5155029296875
0.46551513671875
-0.3497314453125
-0.08154296875
0.2811279296875
-0.28961181640625
0.26129150390625
-0.406982421875
0.16729736328125
0.4627685546875
0.2972412109375
-0.03741455078125
0.57171630859375
-0.23822021484375
-0.55010986328125
0.483642578125
-0.28131103515625
-0.16912841796875
0.12738037109375
-0.70684814453125
-0.27191162109375
0.4859619140625
-0.57928466796875
-0.37091064453125
-0.48052978515625
-0.73236083984375
-0.675537109375
0.0775146484375
0.08380126953125
-0.47637939453125
-0.29638671875
-0.01763916015625
-0.61895751953125
-0.04656982421875
-0.23492431640625
0.4537353515625
-0.08453369140625
0.0906982421875
-0.068603515625
-0.4383544921875
-0.84808349609375
0.4598388671875
-0.51165771484375
-0.2899169921875
0.087646484375
-0.434814453125
-0.00225830078125
-0.27545166015625
-0.69171142578125
0.12823486328125
-0.25494384765625
-0.14227294921875
-0.147216796875
-0.636962890625
0.03515625
-0.183349609375
-0.5008544921875
-0.0997314453125
-0.257080078125
0.66357421875
-0.467529296875
-0.32989501953125
-0.75189208984375
-0.3892822265625
-1.4862060546875
-0.89288330078125
-0.3248291015625
0.69586181640625
-0.30645751953125
-0.8043212890625
0.280029296875
-1.54998779296875
-1.19805908203125
0.28118896484375
-0.51214599609375
0.48736572265625
-0.78564453125
-1.04241943359375
0.19158935546875
-0.083984375
-0.50799560546875
-0.43682861328125
0.68060302734375
-0.81610107421875
0.17437744140625
0.38055419921875
-0.656494140625
-0.19024658203125
0.22052001953125
0.875732421875
-1.00225830078125
-0.95294189453125
1.2607421875
1.00482177734375
-0.05267333984375
-0.20513916015625
0.30316162109375
-0.2559814453125
1.27935791015625
0.41741943359375
-1.33734130859375
0.0517578125
0.06109619140625
-0.13275146484375
-0.33319091796875
0.036376953125
0.29931640625
-0.06292724609375
-0.91937255859375
-0.3353271484375
0.103271484375
-0.92431640625
0.2620849609375
-0.26800537109375
-0.91253662109375
0.685546875
0.467041015625
-0.051025390625
0.22821044921875
-0.50335693359375
-0.1473388671875
-0.3720703125
-0.66064453125
-0.115234375
-0.00653076171875
-0.2225341796875
0.7105712890625
0.11846923828125
-0.22412109375
-0.42498779296875
-0.0966796875
-1.036376953125
-0.30682373046875
-0.12078857421875
0.13330078125
-0.13470458984375
0.13671875
-0.06573486328125
-0.286376953125
-0.701171875
0.07269287109375
-0.39556884765625
-0.22845458984375
-0.5712890625
-0.49945068359375
0.39971923828125
-0.25274658203125
-0.5614013671875
-0.0853271484375
0.32379150390625
0.42913818359375
0.0277099609375
0.46014404296875
-0.41131591796875
-0.40167236328125
-0.1873779296875
-0.3018798828125
-0.43231201171875
0.47760009765625
0.04840087890625
-0.6287841796875
-0.1844482421875
-0.0625
-0.237060546875
0.39056396484375
-0.45037841796875
-0.32952880859375
-0.08184814453125
-0.70001220703125
0.48565673828125
-0.09576416015625
-0.68798828125
0.13836669921875
0.12042236328125
-0.21124267578125
-0.01776123046875
-0.301025390625
-0.7205810546875
-0.0311279296875
0.54412841796875
-0.412353515625
-0.2076416015625
-0.2857666015625
-0.11444091796875
0.61212158203125
0.06939697265625
-0.5400390625
-0.5882568359375
-0.1094970703125
0.31787109375
-0.72052001953125
-0.559326171875
0.15240478515625
-0.55059814453125
0.34271240234375
0.1671142578125
0.051025390625
-0.172119140625
0.0364990234375
0.05206298828125
-0.06866455078125
-1.1461181640625
-0.347900390625
0.1041259765625
-0.38775634765625
0.31365966796875
-0.09234619140625
-0.0631103515625
-0.5247802734375
-0.2857666015625
-0.36077880859375
-0.36865234375
-0.3480224609375
-0.53594970703125
0.11407470703125
0.48236083984375
-0.38275146484375
-0.06304931640625
0.020751953125
0.1614990234375
-0.78887939453125
-0.16571044921875
0.62445068359375
0.0650634765625
-0.24053955078125
0.39532470703125
-0.3966064453125
-0.3492431640625
-0.13885498046875
-0.8095703125
-0.61767578125
0.42529296875
-0.75836181640625
0.91351318359375
-0.047607421875
0.29754638671875
0.22784423828125
-0.92791748046875
-0.17401123046875
0.3677978515625
-0.264892578125
-0.34234619140625
0.13885498046875
-0.06195068359375
-0.8536376953125
-0.798828125
-0.13861083984375
0.74530029296875
0.08837890625
-0.57464599609375
-0.29754638671875
0.1817626953125
0.105224609375
0.17144775390625
-0.7591552734375
-0.19781494140625
-0.2822265625
-0.62255859375
0.03778076171875
-0.667724609375
-0.05242919921875
-0.48614501953125
-0.7064208984375
0.4129638671875
-1.0653076171875
-0.17462158203125
-0.00177001953125
-0.2181396484375
0.3048095703125
-0.05657958984375
0.294677734375
-0.01055908203125
0.71966552734375
0.265625
-0.84527587890625
0.86639404296875
-0.6641845703125
-2.1619873046875
0.115966796875
-0.45489501953125
0.1900634765625
0.19232177734375
-0.36865234375
-0.7125244140625
-0.31427001953125
-0.6693115234375
-0.2977294921875
-0.49688720703125
-0.3370361328125
0.6021728515625
0.3253173828125
0.6630859375
0.0162353515625
-0.43603515625
-0.966552734375
0.77801513671875
-0.39788818359375
0.0181884765625
-0.187255859375
0.14031982421875
-1.14166259765625
0.477783203125
-0.4739990234375
1.03717041015625
-0.23974609375
-0.84210205078125
-0.50103759765625
-0.32452392578125
0.12884521484375
0.11883544921875
-0.47821044921875
0.38006591796875
0.4183349609375
-0.465087890625
-0.37396240234375
-0.4371337890625
-0.995849609375
-0.9512939453125
-0.2357177734375
-0.0120849609375
-0.768310546875
-1.01629638671875
0.21588134765625
0.75726318359375
-0.89678955078125
-0.51043701171875
-0.75445556640625
-0.28167724609375
-0.55584716796875
-0.17498779296875
-0.45751953125
0.159912109375
0.067138671875
-0.3636474609375
0.24188232421875
0.10736083984375
-0.4796142578125
-0.21087646484375
-0.389892578125
-0.15216064453125
-0.86102294921875
-0.54779052734375
-0.72723388671875
-0.5556640625
-0.1363525390625
-0.6563720703125
0.08514404296875
-0.13409423828125
0.2099609375
-0.31689453125
0.04876708984375
-0.58331298828125
-0.579345703125
-0.41510009765625
0.22369384765625
0.121826171875
0.3983154296875
-0.794189453125
0.12933349609375
-0.37713623046875
0.53948974609375
-0.57373046875
0.0650634765625
-0.11273193359375
0.15936279296875
0.1693115234375
-0.315673828125
0.18011474609375
-0.11395263671875
0.68853759765625
-0.770263671875
0.1949462890625
-0.5289306640625
-0.2906494140625
-0.45721435546875
-0.48931884765625
0.20318603515625
0.19219970703125
-0.3056640625
0.10565185546875
-0.418701171875
0.68084716796875
0.02593994140625
-0.56072998046875
-0.70538330078125
-0.61297607421875
-0.634521484375
0.43865966796875
0.287353515625
-0.81793212890625
0.0848388671875
-0.0035400390625
-0.623779296875
-0.17742919921875
-0.259765625
0.20068359375
0.4013671875
-0.79449462890625
0.36370849609375
-0.1070556640625
-0.0576171875
0.2432861328125
-0.866943359375
-0.4366455078125
0.06585693359375
-0.035888671875
-1.006103515625
0.1441650390625
0.458740234375
0.15264892578125
0.2496337890625
0.030517578125
0.70391845703125
-0.67974853515625
-0.65411376953125
-0.2071533203125
-0.0001220703125
-0.77825927734375
-1.3204345703125
0.2642822265625
0.55474853515625
0.36773681640625
0.92974853515625
0.05035400390625
-0.12457275390625
-0.09521484375
-0.3167724609375
-0.1885986328125
-1.3536376953125
0.04412841796875
1.00054931640625
0.097412109375
-0.04791259765625
-0.79864501953125
-0.7803955078125
0.3216552734375
1.23028564453125
-0.25177001953125
-0.01776123046875
0.51123046875
0.24871826171875
-0.19451904296875
-0.639892578125
0.2479248046875
0.310546875
-0.22491455078125
0.732177734375
-0.84930419921875
-0.88812255859375
-0.2039794921875
-0.47674560546875
-0.03314208984375
0.51611328125
0.15704345703125
0.70562744140625
0.04498291015625
-1.3740234375
-0.0421142578125
-0.36138916015625
0.37847900390625
0.20025634765625
-0.34197998046875
-0.41644287109375
0.33685302734375
-0.36688232421875
0.29632568359375
-1.208984375
0.0997314453125
-0.3170166015625
-0.27545166015625
-0.3404541015625
-0.72796630859375
-0.58978271484375
-0.08392333984375
-0.3946533203125
-0.03326416015625
0.47259521484375
-0.409423828125
-0.14703369140625
-0.294677734375
0.13330078125
0.323486328125
0.18927001953125
-0.53045654296875
-0.20074462890625
0.91845703125
-0.60003662109375
0.114501953125
0.33734130859375
-0.49322509765625
-0.5216064453125
0.1865234375
0.09027099609375
0.4063720703125
0.48919677734375
0.1556396484375
-0.3348388671875
-0.6832275390625
-0.2611083984375
-0.73602294921875
-0.70562744140625
-0.23095703125
0.17578125
-0.013916015625
-0.56646728515625
-0.630126953125
0.0068359375
0.17120361328125
-0.357177734375
0.4248046875
0.195556640625
0.3563232421875
-0.3895263671875
0.5416259765625
-0.40704345703125
-0.05010986328125
0.06890869140625
-0.02801513671875
-0.2572021484375
0.2357177734375
0.14068603515625
0.33013916015625
-0.47808837890625
0.27630615234375
0.06317138671875
-0.05328369140625
-0.58026123046875
-0.5020751953125
-0.479248046875
-0.9898681640625
-0.4727783203125
0.8868408203125
-0.89886474609375
-1.28851318359375
0.43157958984375
-0.00335693359375
0.06298828125
-0.07080078125
-0.406982421875
0.22943115234375
-0.70660400390625
-0.23004150390625
0.3546142578125
0.199951171875
-0.15545654296875
-1.09417724609375
-1.27008056640625
-0.3673095703125
-0.28021240234375
0.16583251953125
0.2935791015625
-0.36737060546875
0.01043701171875
-0.35528564453125
-0.1910400390625
0.33111572265625
-0.22674560546875
-0.13336181640625
-0.555908203125
-0.08526611328125
0.4676513671875
-0.87994384765625
-0.57562255859375
0.17633056640625
0.50225830078125
0.55462646484375
0.7447509765625
0.495849609375
-0.48138427734375
-0.59051513671875
-0.26885986328125
0.6243896484375
-0.877685546875
0.27166748046875
1.04541015625
0.694580078125
0.43621826171875
-0.0595703125
-0.7919921875
0.36871337890625
0.41937255859375
1.19512939453125
-0.09625244140625
-0.58447265625
0.14935302734375
-0.80987548828125
-0.95489501953125
-0.06646728515625
0.5234375
-0.2752685546875
-0.9986572265625
-1.016357421875
-0.5836181640625
0.90325927734375
0.5611572265625
0.2967529296875
-0.6627197265625
0.26104736328125
0.26568603515625
0.38275146484375
-0.56927490234375
0.05596923828125
-0.3372802734375
0.421630859375
1.2305908203125
-0.31201171875
0.0572509765625
-0.49188232421875
0.2725830078125
0.11468505859375
-1.1807861328125
0.02264404296875
0.7587890625
-0.9417724609375
-0.908935546875
-0.23834228515625
-1.62298583984375
-0.79766845703125
0.2633056640625
0.05133056640625
-0.4296875
-0.3427734375
-0.71881103515625
-0.9613037109375
-0.13031005859375
0.5631103515625
-0.35906982421875
0.0682373046875
-0.327880859375
-0.71392822265625
0.3753662109375
-0.92779541015625
-0.572265625
0.03826904296875
0.04364013671875
-0.037353515625
0.0782470703125
0.8360595703125
-0.29833984375
-0.74224853515625
-0.2100830078125
0.1085205078125
-0.65643310546875
-0.25164794921875
-1.0733642578125
-0.1214599609375
0.9617919921875
0.90106201171875
0.34405517578125
-0.16680908203125
-0.68927001953125
-0.06781005859375
0.3267822265625
0.04156494140625
0.06689453125
0.18267822265625
0.0531005859375
0.69415283203125
-0.27203369140625
-0.0638427734375
-0.3619384765625
0.10009765625
0.327880859375
0.03900146484375
-0.16046142578125
-0.19342041015625
-0.40179443359375
-0.683837890625
0.39434814453125
0.6214599609375
0.36602783203125
-0.4666748046875
-0.23321533203125
-0.23699951171875
-0.25762939453125
-0.5164794921875
-0.4254150390625
-0.15301513671875
-0.05462646484375
0.72454833984375
-0.0504150390625
-0.7841796875
0.11572265625
-0.803466796875
0.01531982421875
0.503662109375
-0.0721435546875
0.417724609375
-0.63226318359375
-0.2049560546875
0.60577392578125
-0.180908203125
0.36798095703125
0.23602294921875
-0.1458740234375
-0.3931884765625
-0.151123046875
-0.47088623046875
0.0164794921875
-0.1492919921875
-0.20147705078125
0.42877197265625
0.5255126953125
0.0858154296875
-0.061279296875
-0.03948974609375
0.001220703125
0.02777099609375
0.17950439453125
0.090087890625
0.51007080078125
0.05926513671875
-0.19329833984375
0.01812744140625
0.3984375
-0.0760498046875
0.146728515625
-0.145263671875
-0.45947265625
0.311279296875
-0.10089111328125
-0.38909912109375
-0.0830078125
0.66650390625
-0.2684326171875
0.27178955078125
0.480712890625
0.13507080078125
0.15283203125
-0.406982421875
-0.44647216796875
-0.0743408203125
0.22015380859375
-0.0751953125
0.25555419921875
-0.18505859375
0.3165283203125
0.54205322265625
0.5399169921875
-0.45062255859375
-0.4949951171875
-0.42071533203125
1.0562744140625
-0.62640380859375
0.06536865234375
0.34197998046875
-0.3111572265625
-0.3853759765625
0.8121337890625
0.12774658203125
0.3890380859375
0.38232421875
-0.3466796875
0.05224609375
-0.10906982421875
0.1505126953125
0.69964599609375
0.06866455078125
-1.09423828125
-0.04388427734375
0.614990234375
-0.01806640625
0.23504638671875
0.00408935546875
-0.05999755859375
-0.88385009765625
-0.37786865234375
0.14251708984375
0.7183837890625
-0.35125732421875
-0.87738037109375
-0.791259765625
0.58343505859375
0.1900634765625
-0.7098388671875
-0.517333984375
-0.54486083984375
1.5040283203125
-0.13287353515625
-0.29779052734375
0.51739501953125
-1.33538818359375
-0.095458984375
-0.015869140625
-1.130615234375
0.392333984375
0.876220703125
-0.6181640625
0.903564453125
-0.0732421875
-1.19744873046875
-0.03570556640625
-0.30755615234375
-0.6630859375
0.09454345703125
-0.7520751953125
-0.7183837890625
-0.90228271484375
-0.385986328125
-0.0404052734375
-0.30126953125
0.08880615234375
-0.558837890625
-0.27667236328125
-0.18218994140625
-1.0458984375
1.14337158203125
0.01812744140625
-0.8697509765625
-0.25372314453125
-0.14739990234375
-0.42047119140625
-0.363525390625
-0.59808349609375
-0.0576171875
0.368896484375
0.57440185546875
0.22930908203125
0.04046630859375
-0.2935791015625
0.41168212890625
0.0037841796875
0.22479248046875
0.06640625
0.43084716796875
0.57843017578125
0.51812744140625
0.9681396484375
-0.43743896484375
-1.0771484375
-0.27191162109375
0.0238037109375
0.6494140625
-0.353271484375
-0.43438720703125
0.4283447265625
-0.35540771484375
-0.00189208984375
0.43121337890625
0.01263427734375
0.28143310546875
0.32989501953125
-0.2861328125
0.20916748046875
-0.0897216796875
-0.6832275390625
-0.621826171875
0.15142822265625
0.11785888671875
0.62908935546875
-0.67919921875
-0.3062744140625
0.10357666015625
-0.6739501953125
0.0771484375
-0.2723388671875
-0.6317138671875
-0.43798828125
0.3870849609375
-0.39666748046875
0.65936279296875
-0.26556396484375
-0.3399658203125
-0.61297607421875
0.09991455078125
-0.0382080078125
-0.18524169921875
-0.68829345703125
0.0137939453125
0.19244384765625
-0.04150390625
0.3375244140625
-0.60931396484375
-0.285400390625
-0.239013671875
0.076171875
-0.03131103515625
-0.56561279296875
0.1533203125
1.0294189453125
-0.1884765625
-0.817138671875
-0.1998291015625
0.06060791015625
-0.05255126953125
-0.31207275390625
0.37884521484375
-0.31005859375
-0.48828125
-0.52484130859375
0.57769775390625
0.6368408203125
-0.75823974609375
-0.41705322265625
-0.1351318359375
-0.630615234375
0.47845458984375
0.2901611328125
0.10040283203125
-0.01947021484375
0.16461181640625
0.006591796875
-0.67694091796875
-0.7484130859375
0.07135009765625
0.6348876953125
0.16259765625
0.112548828125
0.098876953125
-0.15509033203125
0.25665283203125
0.91650390625
-0.14117431640625
-0.2938232421875
-0.605712890625
-0.69073486328125
-0.3262939453125
-0.2493896484375
-0.06707763671875
0.04852294921875
-0.1182861328125
-0.01641845703125
-0.6082763671875
-0.36199951171875
-0.5592041015625
-0.458251953125
-0.44439697265625
0.42633056640625
1.1505126953125
-0.3370361328125
-0.5345458984375
0.11456298828125
0.02508544921875
0.305908203125
0.08489990234375
1.00689697265625
-0.07659912109375
-0.14306640625
0.43646240234375
-0.6275634765625
0.94317626953125
0.00079345703125
0.35693359375
0.2979736328125
-0.01318359375
0.5909423828125
-0.41046142578125
-0.10076904296875
-0.1732177734375
0.75860595703125
0.2786865234375
0.52972412109375
0.07781982421875
-0.85064697265625
-0.12457275390625
0.29632568359375
0.07342529296875
-0.6943359375
0.34429931640625
0.53375244140625
-0.22076416015625
-0.0340576171875
-0.84625244140625
1.11175537109375
0.54718017578125
-0.386474609375
1.2503662109375
-0.9715576171875
0.13238525390625
-0.42156982421875
-1.5765380859375
0.9599609375
0.3873291015625
0.087158203125
-0.49749755859375
-0.01220703125
-0.477294921875
0.406494140625
-0.85986328125
-0.22906494140625
-0.0238037109375
-1.26275634765625
-0.0433349609375
1.04974365234375
0.08953857421875
-0.12677001953125
-0.1837158203125
0.4166259765625
0.46197509765625
0.34881591796875
0.16888427734375
-0.46905517578125
0.096435546875
-0.47161865234375
0.08135986328125
0.175048828125
0.27520751953125
-0.50970458984375
-0.165283203125
-0.24560546875
0.00811767578125
-0.316162109375
0.773193359375
0.07080078125
0.126220703125
0.164306640625
0.0028076171875
0.07623291015625
0.73126220703125
-0.7320556640625
-0.0595703125
0.86700439453125
-0.4437255859375
0.0615234375
0.13916015625
0.02618408203125
0.92388916015625
-0.18017578125
-0.44415283203125
-0.310791015625
-0.27642822265625
0.41375732421875
0.3314208984375
0.00372314453125
0.30194091796875
-0.23553466796875
-0.49554443359375
-0.0733642578125
0.00390625
-0.0076904296875
-0.2193603515625
-0.336669921875
-0.51702880859375
-0.24945068359375
-0.55206298828125
-0.05035400390625
-0.44146728515625
0.62493896484375
0.3797607421875
-0.16705322265625
0.4061279296875
0.3485107421875
-0.3065185546875
-0.02001953125
0.07403564453125
0.0850830078125
0.7958984375
-0.27081298828125
-0.016845703125
0.07537841796875
0.2684326171875
-0.4715576171875
-0.1058349609375
-0.19488525390625
0.0294189453125
-0.97491455078125
0.1561279296875
-0.15289306640625
-0.42181396484375
0.50286865234375
0.7872314453125
-0.00457763671875
-0.333984375
0.99945068359375
-0.5098876953125
-0.52301025390625
-1.114013671875
-0.6199951171875
0.4674072265625
-0.11181640625
0.26397705078125
0.72760009765625
-0.6375732421875
0.266357421875
0.1251220703125
-0.72137451171875
-0.2066650390625
-0.152099609375
-0.639404296875
0.20233154296875
-0.25164794921875
-0.23272705078125
-0.6904296875
0.58416748046875
-0.567138671875
0.111083984375
-0.39691162109375
-0.43243408203125
-0.3228759765625
-1.0849609375
-0.359375
0.18389892578125
-0.6988525390625
-0.19342041015625
-0.11077880859375
0.47833251953125
-0.904296875
-0.13287353515625
0.04718017578125
-0.57025146484375
-0.0570068359375
0.218505859375
-0.41949462890625
-0.896484375
-0.6392822265625
0.33502197265625
0.54254150390625
-0.38751220703125
1.01373291015625
-0.78729248046875
-0.42254638671875
0.0301513671875
-0.72796630859375
0.6868896484375
-0.12127685546875
-0.02142333984375
-0.2017822265625
-0.1287841796875
-0.14556884765625
-0.57135009765625
-0.2745361328125
0.41363525390625
0.9171142578125
0.48504638671875
0.7642822265625
-0.74395751953125
-1.328369140625
-0.3170166015625
-0.07891845703125
-0.76336669921875
-0.138427734375
0.55859375
-0.20697021484375
0.25933837890625
0.23956298828125
-0.7589111328125
1.62969970703125
0.46588134765625
-0.9534912109375
0.52398681640625
-1.0955810546875
0.66961669921875
0.8658447265625
-0.906494140625
-0.34783935546875
0.91998291015625
0.72979736328125
0.42523193359375
-0.92755126953125
-0.837158203125
0.40496826171875
0.1741943359375
0.1256103515625
0.434326171875
-1.009521484375
0.382080078125
0.56500244140625
0.62548828125
-0.28143310546875
-0.4364013671875
0.22308349609375
0.57763671875
0.28961181640625
-0.2567138671875
-0.79278564453125
-0.38922119140625
-0.45599365234375
0.17889404296875
0.04180908203125
-1.3267822265625
-0.74139404296875
-0.4669189453125
0.3812255859375
0.2857666015625
-0.481201171875
-0.0321044921875
0.1375732421875
-0.541748046875
-0.39508056640625
0.3046875
-1.17230224609375
-0.64190673828125
0.03125
-0.04058837890625
-0.4910888671875
-0.82928466796875
0.49078369140625
-0.2200927734375
-0.37664794921875
0.2928466796875
0.050048828125
-0.58349609375
-0.318115234375
-0.17059326171875
0.291259765625
-0.33837890625
-0.44476318359375
-0.3131103515625
-0.12542724609375
-0.14862060546875
0.44207763671875
-0.35516357421875
0.05743408203125
-0.0198974609375
-0.34136962890625
0.6568603515625
-0.599853515625
-0.2783203125
-0.64141845703125
-0.1697998046875
0.30767822265625
0.2816162109375
0.86370849609375
0.37451171875
-0.0489501953125
-0.21771240234375
0.26873779296875
0.05230712890625
0.1524658203125
0.4527587890625
-0.3431396484375
0.13079833984375
0.62835693359375
0.955810546875
-0.170654296875
-0.21875
-0.0089111328125
-0.33203125
-0.59625244140625
-0.509765625
-0.07208251953125
-0.2982177734375
-0.17626953125
-0.20184326171875
-0.3681640625
0.4659423828125
-0.54144287109375
-0.1136474609375
-0.32867431640625
-0.76922607421875
-0.60968017578125
0.16558837890625
-0.44488525390625
0.64727783203125
0.2574462890625
-0.12506103515625
-0.80712890625
-0.4512939453125
0.0836181640625
-0.72747802734375
-0.131591796875
0.31866455078125
-0.7266845703125
-0.11279296875
-0.3203125
-0.13873291015625
-0.68707275390625
0.7626953125
0.1651611328125
-0.37890625
0.22369384765625
-0.36468505859375
0.17291259765625
0.317138671875
-0.07635498046875
-0.07269287109375
-0.204345703125
-0.05230712890625
-0.427978515625
-0.5767822265625
0.09521484375
-0.03216552734375
-0.470703125
0.311767578125
0.5733642578125
1.1253662109375
0.4947509765625
-0.291259765625
-0.9654541015625
0.15283203125
-0.21142578125
-0.014892578125
0.37042236328125
0.14556884765625
-0.73828125
-1.02764892578125
0.42724609375
0.63580322265625
0.24822998046875
0.071044921875
0.3070068359375
0.2733154296875
0.440673828125
0.08587646484375
-0.02056884765625
0.35614013671875
0.48870849609375
0.4742431640625
0.45062255859375
-0.3477783203125
-0.77935791015625
-0.713134765625
-0.12451171875
-0.15264892578125
0.6009521484375
0.37689208984375
-0.6549072265625
0.4737548828125
0.19189453125
-1.756103515625
0.83807373046875
0.43035888671875
0.34173583984375
1.38934326171875
-0.10943603515625
-0.24127197265625
-0.29644775390625
-0.65777587890625
0.16265869140625
0.33612060546875
0.23126220703125
0.115966796875
-0.6776123046875
-0.23553466796875
-0.3433837890625
-0.8319091796875
0.0797119140625
0.33843994140625
-0.34210205078125
0.50762939453125
0.33917236328125
-0.20758056640625
-0.66644287109375
-0.59808349609375
-0.3272705078125
1.1190185546875
-0.45477294921875
-0.112060546875
-0.2164306640625
-0.116943359375
-0.0279541015625
0.05023193359375
-0.64337158203125
-0.2178955078125
0.19366455078125
0.03216552734375
0.06549072265625
0.09112548828125
0.0509033203125
-0.81219482421875
-0.14447021484375
0.3128662109375
0.451171875
-0.11956787109375
-0.61016845703125
-0.322998046875
-0.29791259765625
0.19744873046875
0.114013671875
-0.91107177734375
0.35809326171875
-0.427978515625
-0.95758056640625
-0.00201416015625
-0.2213134765625
-0.04449462890625
0.10833740234375
-0.46075439453125
-0.411376953125
0.4400634765625
-0.84844970703125
-0.18316650390625
-0.22674560546875
-0.09503173828125
0.37200927734375
-0.0966796875
-0.1376953125
0.3013916015625
-0.019287109375
0.14202880859375
-0.24383544921875
-0.1280517578125
0.45343017578125
-0.1080322265625
0.03594970703125
0.35137939453125
0.4859619140625
0.79425048828125
-0.0245361328125
-0.31011962890625
-0.65069580078125
-0.6134033203125
-0.46734619140625
0.5186767578125
0.07598876953125
-0.69732666015625
-0.0396728515625
0.0762939453125
0.64691162109375
-0.3858642578125
0.3050537109375
-0.00396728515625
0.0399169921875
-0.5579833984375
0.34332275390625
-0.04437255859375
0.16229248046875
-0.2135009765625
-0.2138671875
-0.6368408203125
-0.167236328125
0.3643798828125
-0.55389404296875
-0.110595703125
0.00592041015625
0.3470458984375
-0.05633544921875
0.20758056640625
0.70098876953125
-0.001953125
-0.57440185546875
0.190185546875
-0.49560546875
-0.415283203125
-0.18621826171875
0.29986572265625
0.32232666015625
-0.5635986328125
0.199951171875
0.749755859375
-0.57598876953125
-0.2177734375
-0.37298583984375
-0.65484619140625
0.19024658203125
0.285400390625
0.217529296875
-0.52850341796875
0.14251708984375
0.078857421875
-0.12213134765625
-0.01092529296875
0.4451904296875
-0.38665771484375
-0.2802734375
-0.1744384765625
0.0819091796875
0.52886962890625
-0.4986572265625
-0.24346923828125
0.06219482421875
-1.64251708984375
-0.353759765625
0.39947509765625
0.1861572265625
0.1331787109375
0.38946533203125
0.36370849609375
-0.53125
0.15972900390625
-0.7486572265625
0.02325439453125
0.17156982421875
-1.132080078125
0.326904296875
0.587890625
0.29156494140625
0.1895751953125
-0.079345703125
-0.1143798828125
0.2076416015625
0.6800537109375
-0.619384765625
0.525390625
-1.01519775390625
-0.4761962890625
0.70880126953125
-0.42425537109375
-0.18701171875
-0.5653076171875
-0.1810302734375
0.4066162109375
-0.2921142578125
0.1851806640625
0.86395263671875
-0.0994873046875
-0.189697265625
-0.318359375
0.35382080078125
-0.0880126953125
0.05145263671875
0.47747802734375
0.13897705078125
0.505615234375
-0.378173828125
-0.26885986328125
-1.004638671875
-0.8907470703125
0.05499267578125
0.97802734375
-0.5189208984375
-1.27252197265625
-0.57598876953125
0.36920166015625
0.74603271484375
0.26043701171875
-0.9364013671875
-0.0994873046875
0.0643310546875
0.22479248046875
-0.35760498046875
-0.25689697265625
-0.21917724609375
0.10858154296875
0.1180419921875
-0.24066162109375
-0.33819580078125
0.296630859375
0.07568359375
-0.2659912109375
0.1688232421875
-0.44830322265625
-0.38323974609375
0.5125732421875
-0.31787109375
-0.72271728515625
-0.9180908203125
-0.1038818359375
-1.04754638671875
-0.389404296875
0.2593994140625
-0.1461181640625
0.39654541015625
0.43157958984375
-0.55303955078125
-0.7867431640625
-0.58837890625
0.2261962890625
-0.5711669921875
-0.56280517578125
0.28533935546875
-0.01251220703125
0.0286865234375
0.34393310546875
-0.74151611328125
-0.6103515625
-0.05908203125
-0.35821533203125
-0.06195068359375
-0.48358154296875
-0.676513671875
0.38079833984375
0.56231689453125
-0.7353515625
-0.22259521484375
-0.05078125
0.53924560546875
0.23162841796875
-0.51513671875
0.15673828125
-0.22930908203125
0.0389404296875
-0.610107421875
0.45806884765625
-0.53546142578125
0.18255615234375
0.6322021484375
0.0677490234375
0.399169921875
-0.52435302734375
-0.75653076171875
-0.2679443359375
-0.32659912109375
-0.2230224609375
0.380126953125
0.11468505859375
0.052734375
-0.22967529296875
-0.64990234375
-0.5567626953125
-0.39447021484375
-0.7933349609375
0.16522216796875
0.54595947265625
0.13323974609375
-0.2752685546875
-0.48138427734375
-0.22943115234375
-0.2955322265625
-0.920654296875
0.25244140625
0.233642578125
0.57806396484375
0.1368408203125
-0.73388671875
-0.020751953125
-0.351318359375
-0.2684326171875
0.195556640625
-0.03125
-0.5189208984375
-0.38323974609375
0.628662109375
-0.756103515625
0.41802978515625
-0.74066162109375
0.3077392578125
-0.34344482421875
-0.36956787109375
-0.34405517578125
0.22552490234375
-0.015380859375
0.47735595703125
-0.0531005859375
-0.6348876953125
-0.2230224609375
-0.36102294921875
-0.00994873046875
-0.44366455078125
-0.12591552734375
0.14398193359375
0.331787109375
0.61285400390625
-0.362548828125
-0.34454345703125
-0.39776611328125
0.29046630859375
0.781005859375
-0.05364990234375
-0.257080078125
0.0670166015625
0.2730712890625
-0.78564453125
1.3392333984375
-0.3909912109375
-0.84814453125
0.2691650390625
-0.69256591796875
-0.4000244140625
-0.5035400390625
-0.7264404296875
-0.128662109375
0.108642578125
0.09722900390625
0.28192138671875
-0.18212890625
-1.24395751953125
-0.45721435546875
0.6700439453125
-0.595458984375
-0.36297607421875
-0.2733154296875
-0.12921142578125
-1.08135986328125
0.04058837890625
-0.12579345703125
0.0084228515625
0.26251220703125
0.63177490234375
0.693603515625
-0.158935546875
-0.47467041015625
-0.9830322265625
-1.0950927734375
0.15093994140625
0.12939453125
0.46710205078125
0.8515625
-0.3656005859375
-1.03533935546875
0.37115478515625
-0.40252685546875
0.06829833984375
-0.072509765625
-1.2646484375
0.126220703125
-0.05126953125
0.623291015625
-0.07904052734375
-0.34100341796875
-0.451416015625
0.8939208984375
0.3863525390625
-0.31201171875
-0.04156494140625
-0.28515625
-0.114990234375
-0.10333251953125
-0.03973388671875
0.47198486328125
0.415283203125
-0.397216796875
0.2850341796875
0.33526611328125
-0.491943359375
0.0616455078125
0.2418212890625
-0.52142333984375
0.30303955078125
-0.12408447265625
0.3746337890625
0.3702392578125
-0.1292724609375
0.27032470703125
0.466796875
-0.139892578125
0.015869140625
-1.2064208984375
-0.0948486328125
-0.8406982421875
0.213623046875
0.12554931640625
-0.55206298828125
-0.5919189453125
-0.48388671875
0.93084716796875
-0.08648681640625
0.024169921875
0.1405029296875
-0.32135009765625
-0.35491943359375
-0.2650146484375
-0.439697265625
0.17486572265625
0.4735107421875
-0.60040283203125
-0.54150390625
-0.873779296875
-0.3321533203125
-0.43304443359375
-0.5093994140625
-0.91192626953125
0.28179931640625
0.5369873046875
-0.04486083984375
-0.02325439453125
0.67724609375
-0.3232421875
0.25555419921875
0.47796630859375
-0.637939453125
-0.96014404296875
-0.19427490234375
0.039306640625
-0.38629150390625
-0.6739501953125
0.50042724609375
-0.03985595703125
-0.62646484375
-0.103759765625
-0.03411865234375
-0.03778076171875
0.72412109375
0.32928466796875
-0.39056396484375
-0.19171142578125
-0.56475830078125
0.01043701171875
0.13873291015625
-0.24652099609375
-0.572998046875
0.30145263671875
-0.49261474609375
-0.49664306640625
0.2911376953125
-0.0950927734375
-0.89703369140625
-1.1385498046875
-0.29547119140625
-0.19873046875
-0.70703125
-0.27777099609375
-0.29315185546875
0.47308349609375
0.44744873046875
0.02764892578125
-0.52630615234375
-0.11199951171875
0.17626953125
-0.14447021484375
0.2725830078125
0.18646240234375
0.299560546875
0.35064697265625
-0.4683837890625
0.3763427734375
-0.195068359375
0.40716552734375
-0.49920654296875
-0.6265869140625
0.22760009765625
0.38372802734375
0.13323974609375
0.6619873046875
-0.06982421875
0.36395263671875
0.79229736328125
0.40142822265625
-1.16558837890625
-1.064453125
-0.13397216796875
1.345703125
0.51007080078125
-0.3607177734375
-0.53076171875
0.2235107421875
-0.79925537109375
0.07366943359375
0.88507080078125
-0.1744384765625
0.0655517578125
-0.43060302734375
-0.19488525390625
0.12249755859375
-1.1480712890625
0.13885498046875
-0.12957763671875
0.4068603515625
0.08294677734375
-0.25787353515625
0.00262451171875
-0.42584228515625
-0.84368896484375
-0.04388427734375
-0.93609619140625
0.023193359375
-0.62005615234375
-0.24896240234375
1.03814697265625
-0.50982666015625
-0.9058837890625
-0.32379150390625
0.00994873046875
0.0570068359375
0.62945556640625
0.70196533203125
-0.530517578125
-0.2962646484375
-0.1102294921875
0.12982177734375
0.4581298828125
0.35040283203125
-0.45904541015625
-0.5885009765625
-0.07867431640625
-0.3582763671875
0.72076416015625
-0.78045654296875
0.73773193359375
-0.9381103515625
-0.54693603515625
1.18798828125
1.01947021484375
-0.26654052734375
-0.260009765625
-0.28662109375
1.32122802734375
0.462890625
-0.1700439453125
0.287109375
-0.44403076171875
0.2911376953125
0.833984375
0.41778564453125
0.41363525390625
-0.4876708984375
0.194580078125
-0.85394287109375
0.13421630859375
-1.02337646484375
0.0382080078125
0.44256591796875
0.13623046875
-0.14422607421875
-0.30731201171875
-0.35137939453125
0.27984619140625
-0.7080078125
0.5435791015625
0.017578125
0.18829345703125
0.1607666015625
-0.0416259765625
-0.02178955078125
0.0577392578125
-0.72344970703125
-0.5203857421875
0.03472900390625
-0.01324462890625
-0.01995849609375
0.3875732421875
-0.1834716796875
0.042724609375
-0.08587646484375
-0.31103515625
0.12066650390625
-0.333984375
0.223876953125
-0.2069091796875
-1.0526123046875
-0.27880859375
-0.88189697265625
-0.25537109375
-0.6956787109375
-0.96783447265625
0.39178466796875
0.2659912109375
-0.26263427734375
0.65386962890625
-0.64556884765625
0.20440673828125
-0.2730712890625
0.249267578125
-0.0457763671875
0.3419189453125
-0.712890625
-0.48699951171875
0.0126953125
0.12744140625
0.312744140625
-0.31939697265625
0.330810546875
-0.5299072265625
0.04449462890625
-0.32855224609375
-0.36444091796875
0.378662109375
0.58306884765625
0.0921630859375
-0.61083984375
0.4205322265625
-0.9403076171875
0.19110107421875
0.41455078125
-0.66839599609375
-1.342041015625
0.2283935546875
-0.46630859375
0.42486572265625
0.435791015625
-0.71673583984375
-0.03936767578125
-0.51043701171875
-0.1612548828125
0.679931640625
-0.000732421875
0.5872802734375
0.1181640625
-0.53143310546875
0.82745361328125
-0.09356689453125
-0.41485595703125
-0.02386474609375
0.65869140625
-0.5716552734375
-0.8779296875
-0.4210205078125
0.067626953125
0.6495361328125
0.6044921875
0.64044189453125
-0.14300537109375
0.2142333984375
0.57476806640625
0.62158203125
-0.72332763671875
-0.08892822265625
-0.2021484375
0.33349609375
-0.23834228515625
-0.810546875
-1.4786376953125
-0.6546630859375
0.32537841796875
-0.57403564453125
0.318359375
0.09326171875
0.09033203125
-0.27203369140625
-0.27081298828125
-0.1907958984375
0.62164306640625
0.03466796875
-0.93988037109375
0.49884033203125
0.815673828125
-0.2552490234375
-0.38690185546875
-0.4412841796875
0.25946044921875
0.086181640625
-0.04705810546875
1.1800537109375
0.615966796875
-1.51123046875
-0.52130126953125
-0.127197265625
-0.81585693359375
-1.08538818359375
0.37786865234375
0.63079833984375
-0.38470458984375
0.1051025390625
0.06793212890625
0.00189208984375
-1.0699462890625
0.00445556640625
-0.2705078125
-1.24627685546875
0.239990234375
0.54022216796875
-1.04754638671875
0.32501220703125
1.42608642578125
-0.60906982421875
-0.6124267578125
-0.236572265625
-0.441650390625
-0.380615234375
0.11767578125
0.43389892578125
-0.59564208984375
-0.796630859375
0.3887939453125
0.84832763671875
-0.4227294921875
-0.35064697265625
-0.14141845703125
-0.57330322265625
0.41497802734375
0.1717529296875
-0.77069091796875
-0.04736328125
-0.1605224609375
0.09112548828125
-0.02978515625
-0.06787109375
-0.39202880859375
0.11163330078125
0.06878662109375
-0.71917724609375
-0.15777587890625
0.1793212890625
-0.26788330078125
0.5174560546875
-0.07659912109375
0.12298583984375
-0.05718994140625
0.260986328125
-0.55859375
-0.462646484375
0.1298828125
-0.27423095703125
0.4495849609375
-0.3741455078125
-0.08026123046875
-0.53143310546875
-0.6732177734375
-0.30804443359375
-0.032470703125
0.291748046875
-0.24432373046875
0.158203125
-0.74237060546875
0.155517578125
-0.577880859375
-0.08331298828125
-0.2637939453125
-0.3214111328125
-0.024169921875
-0.61395263671875
0.69488525390625
0.34918212890625
0.2239990234375
-0.564208984375
0.031982421875
0.2330322265625
-0.2763671875
-0.081298828125
0.33062744140625
-0.53155517578125
-0.1112060546875
-0.3331298828125
-0.10406494140625
-0.9429931640625
0.06134033203125
-0.0220947265625
0.3681640625
0.0396728515625
-0.57965087890625
0.41180419921875
0.26275634765625
-0.173828125
0.1461181640625
-0.2366943359375
-0.17950439453125
-0.3978271484375
-0.456787109375
-0.44342041015625
-0.7177734375
-0.0513916015625
-0.0899658203125
-0.06890869140625
-0.558837890625
0.072265625
-0.27276611328125
0.2642822265625
-0.9259033203125
-0.01318359375
-0.0997314453125
0.54669189453125
-0.06903076171875
0.279052734375
0.5511474609375
-0.8218994140625
1.12396240234375
-0.0638427734375
0.1279296875
-0.2406005859375
0.0128173828125
0.41693115234375
0.08758544921875
-0.22491455078125
-0.081787109375
-0.4466552734375
-0.3450927734375
0.237060546875
-0.50921630859375
-0.81072998046875
0.04168701171875
-0.3470458984375
0.3204345703125
0.1561279296875
-0.6890869140625
0.33892822265625
0.1846923828125
0.54400634765625
-0.23638916015625
-1.0654296875
0.3468017578125
-0.444091796875
-0.32135009765625
0.249267578125
0.13262939453125
-0.75384521484375
-0.91302490234375
0.44677734375
-0.559326171875
0.4835205078125
-0.6064453125
-1.19091796875
0.571044921875
0.2801513671875
0.49456787109375
0.58062744140625
-0.5479736328125
-0.64520263671875
-0.1837158203125
-0.0096435546875
-0.59539794921875
-0.4132080078125
-0.4739990234375
0.29559326171875
0.66204833984375
0.1761474609375
0.0550537109375
0.0731201171875
-1.17138671875
-1.1771240234375
0.45416259765625
-1.13720703125
-0.21075439453125
0.338623046875
-0.1339111328125
0.601806640625
-0.4559326171875
-0.476318359375
1.0517578125
0.331787109375
0.73699951171875
-0.470703125
-0.63616943359375
0.04339599609375
-0.5140380859375
-0.8582763671875
0.62158203125
0.88848876953125
0.2115478515625
0.20294189453125
-0.028076171875
-0.58135986328125
0.22381591796875
0.34051513671875
-0.27813720703125
-0.57708740234375
0.490966796875
-0.79498291015625
0.97723388671875
0.30877685546875
-0.82611083984375
0.5677490234375
0.1722412109375
0.3106689453125
-0.25213623046875
0.2181396484375
0.3548583984375
-0.1103515625
-0.0242919921875
-0.03509521484375
0.6602783203125
0.02130126953125
0.0816650390625
-0.13739013671875
-0.39959716796875
-0.14385986328125
-0.180908203125
-0.717041015625
-0.26953125
-0.9150390625
0.76141357421875
-1.26263427734375
-0.3695068359375
-0.00634765625
0.4515380859375
-0.47998046875
0.2572021484375
0.16925048828125
-0.54962158203125
0.2930908203125
-0.25750732421875
-0.015380859375
0.41461181640625
0.3321533203125
-0.0406494140625
0.87127685546875
-0.22564697265625
0.1727294921875
-0.00396728515625
-0.4000244140625
-0.29547119140625
-1.09027099609375
0.42950439453125
-0.09478759765625
-0.3514404296875
-0.1102294921875
-0.45111083984375
-0.07452392578125
-0.12872314453125
-0.20263671875
0.30072021484375
0.67840576171875
0.316162109375
0.0904541015625
-0.11358642578125
-0.13494873046875
-0.24688720703125
0.7149658203125
0.295166015625
0.090576171875
0.56524658203125
-0.0924072265625
0.070556640625
0.16046142578125
-0.12005615234375
-0.29327392578125
-0.64801025390625
0.29461669921875
0.1181640625
-0.18243408203125
-0.00506591796875
0.11138916015625
-0.18408203125
0.3050537109375
-0.36541748046875
-0.4097900390625
0.0377197265625
-0.4462890625
-0.0029296875
-0.178955078125
-0.53753662109375
-0.83599853515625
-0.6968994140625
-0.350830078125
-0.2523193359375
0.07574462890625
-0.38262939453125
-0.11053466796875
-0.1605224609375
-0.1048583984375
-0.017822265625
-0.36273193359375
0.126708984375
-0.1400146484375
-0.13287353515625
0.7774658203125
0.57305908203125
-0.2119140625
0.21600341796875
0.17144775390625
-0.0511474609375
-0.30267333984375
-0.71673583984375
-0.0225830078125
-0.2564697265625
-0.20672607421875
-0.28265380859375
-0.0472412109375
0.3924560546875
-0.42388916015625
-0.5745849609375
-0.4644775390625
-0.45025634765625
-0.89263916015625
0.3668212890625
0.3828125
0.5689697265625
0.31072998046875
-0.72711181640625
-0.81866455078125
-0.4893798828125
-0.0128173828125
0.3448486328125
-0.68609619140625
-0.30914306640625
0.23638916015625
-0.8619384765625
-0.48443603515625
0.79052734375
0.4442138671875
0.78167724609375
0.5302734375
-1.00885009765625
-0.73956298828125
-0.10369873046875
-1.037353515625
-0.5338134765625
0.0234375
-0.44342041015625
0.49163818359375
-0.03692626953125
-1.57098388671875
0.68115234375
-1.0267333984375
-1.23541259765625
1.15771484375
1.43310546875
-0.49456787109375
1.42083740234375
-0.5841064453125
-1.0386962890625
1.09295654296875
-1.33721923828125
-0.1483154296875
-0.1522216796875
-1.60040283203125
-0.4815673828125
-1.2882080078125
-0.7760009765625
1.2105712890625
0.13433837890625
0.17236328125
-0.47296142578125
-1.14935302734375
-1.0181884765625
-0.16156005859375
-0.23272705078125
0.0499267578125
-0.141357421875
-0.563720703125
-0.19171142578125
0.06878662109375
0.36700439453125
0.326416015625
-1.03070068359375
-0.49212646484375
0.1693115234375
-0.927978515625
-0.413330078125
-0.35430908203125
-0.77593994140625
0.1204833984375
0.7969970703125
-0.1988525390625
-0.1483154296875
-0.37322998046875
-0.9356689453125
-0.1951904296875
-0.51678466796875
-0.30572509765625
-0.16766357421875
0.48333740234375
0.36968994140625
0.5833740234375
0.44781494140625
-0.58502197265625
-0.42755126953125
-0.60479736328125
0.6650390625
-0.53192138671875
0.507080078125
0.2462158203125
-0.12164306640625
-0.02294921875
-0.269287109375
-0.2337646484375
0.2418212890625
-0.037109375
-1.2919921875
0.0740966796875
0.0816650390625
-0.7598876953125
0.03131103515625
0.19049072265625
0.6871337890625
-0.0128173828125
-0.23150634765625
0.13909912109375
-0.3046875
-0.07421875
0.19512939453125
0.0118408203125
0.05902099609375
-0.0830078125
0.96270751953125
0.16754150390625
0.6654052734375
0.58355712890625
0.04681396484375
0.428955078125
0.0977783203125
0.2335205078125
0.6785888671875
0.24371337890625
0.06072998046875
-0.12054443359375
-1.015380859375
0.1802978515625
0.21405029296875
-0.0274658203125
0.33447265625
0.1834716796875
-0.4974365234375
0.15728759765625
-0.93341064453125
-0.06414794921875
-0.3211669921875
-0.66839599609375
0.66302490234375
-0.15167236328125
-0.23382568359375
0.31561279296875
-0.38232421875
-0.5570068359375
-0.01953125
0.23553466796875
-0.2889404296875
-1.27337646484375
-0.288330078125
-0.1396484375
0.165283203125
-0.19097900390625
-0.1014404296875
-0.200439453125
0.32904052734375
-0.4129638671875
0.091796875
0.2694091796875
0.14483642578125
0.1212158203125
-0.17755126953125
-0.0343017578125
-0.20654296875
-0.06964111328125
-0.5748291015625
-0.38629150390625
-0.182373046875
0.36370849609375
-0.35711669921875
0.0047607421875
0.2103271484375
-0.099853515625
-0.088134765625
-0.027587890625
-0.12255859375
-0.73834228515625
-0.45013427734375
-0.23248291015625
0.3431396484375
0.03619384765625
0.8819580078125
-0.241943359375
-0.80316162109375
-0.42828369140625
0.698974609375
-0.0816650390625
0.12469482421875
0.732421875
-0.79852294921875
-1.4866943359375
-0.001708984375
0.3961181640625
0.96685791015625
-0.25537109375
0.16455078125
-0.76470947265625
0.77288818359375
0.33673095703125
0.1474609375
-0.076904296875
-0.13446044921875
0.89788818359375
0.135498046875
0.25299072265625
0.49468994140625
-0.7777099609375
-0.8148193359375
-0.31744384765625
-0.80853271484375
0.5599365234375
-0.3017578125
-0.11328125
0.55816650390625
0.2646484375
0.4112548828125
-0.3817138671875
-0.981201171875
-0.5145263671875
0.84869384765625
-1.03424072265625
-0.69891357421875
-0.054931640625
-0.47174072265625
0.82696533203125
0.2303466796875
-0.21075439453125
0.8284912109375
0.01849365234375
-1.12481689453125
0.375
0.32220458984375
-0.13238525390625
0.63671875
-0.44134521484375
-0.712646484375
0.62506103515625
-0.3670654296875
0.03033447265625
-0.4918212890625
-1.361083984375
0.37017822265625
0.2779541015625
0.4293212890625
0.0228271484375
-0.56072998046875
-0.3394775390625
0.67083740234375
-0.93890380859375
0.288818359375
-0.20220947265625
-0.73333740234375
-0.19146728515625
0.045654296875
0.04193115234375
-0.3995361328125
-0.48443603515625
-0.60198974609375
0.80230712890625
-0.60260009765625
-0.571533203125
-0.02984619140625
-0.3214111328125
0.46063232421875
-0.1505126953125
0.50250244140625
-0.5284423828125
-0.09991455078125
0.05133056640625
0.96917724609375
-0.17938232421875
0.11883544921875
-0.13812255859375
-0.16943359375
0.167724609375
0.1202392578125
0.07012939453125
-0.39764404296875
-0.3135986328125
-0.39642333984375
0.22088623046875
-0.05560302734375
-0.494140625
0.2247314453125
0.5654296875
0.38671875
0.19512939453125
-0.283203125
0.02740478515625
-0.2685546875
0.19415283203125
-0.15960693359375
0.0091552734375
-0.11065673828125
-0.03515625
0.0322265625
-0.21136474609375
-0.41070556640625
-0.2154541015625
0.7286376953125
-0.265380859375
-0.18524169921875
-0.1109619140625
-0.019775390625
0.01312255859375
0.1259765625
0.31378173828125
-0.986083984375
-0.21160888671875
0.11126708984375
-0.594970703125
0.54522705078125
-0.3671875
-0.39605712890625
-0.58837890625
0.24053955078125
-0.1685791015625
0.12139892578125
-0.52734375
-0.90972900390625
0.16192626953125
-0.05810546875
-0.04791259765625
-0.281982421875
-0.16229248046875
-0.04876708984375
-0.26092529296875
-0.75360107421875
0.295654296875
-0.26141357421875
-0.3846435546875
0.02593994140625
-0.03240966796875
-0.45623779296875
-1.191650390625
-0.8572998046875
-0.46539306640625
-0.4005126953125
-0.26116943359375
0.54974365234375
0.2703857421875
-1.0030517578125
-1.1536865234375
-0.13372802734375
-0.0748291015625
-0.71551513671875
0.7149658203125
-0.52459716796875
-0.39495849609375
-0.26239013671875
-0.27825927734375
0.32110595703125
0.30462646484375
0.188720703125
0.29339599609375
-0.62445068359375
-0.3507080078125
-0.498291015625
-0.30950927734375
-0.86358642578125
-0.4033203125
-0.56988525390625
-0.41900634765625
-0.74688720703125
-0.55267333984375
0.7752685546875
-0.54071044921875
0.11944580078125
-0.53277587890625
-0.97760009765625
-0.06768798828125
0.365966796875
-0.358154296875
-0.23358154296875
-0.03948974609375
1.04998779296875
0.84429931640625
0.314453125
-0.103271484375
-0.28656005859375
0.30322265625
0.85858154296875
-0.4693603515625
0.0943603515625
-0.62890625
0.56414794921875
0.90863037109375
-0.34747314453125
0.63232421875
0.58001708984375
0.498779296875
0.08544921875
-0.3310546875
-0.07537841796875
-0.12939453125
-0.69732666015625
-0.63189697265625
0.8529052734375
0.03717041015625
0.42340087890625
-0.77337646484375
-0.7645263671875
0.26104736328125
-0.703857421875
0.43841552734375
0.3262939453125
-0.90673828125
0.07342529296875
0.24853515625
-0.020263671875
0.0946044921875
-0.55328369140625
0.46014404296875
0.20111083984375
-0.75262451171875
-0.5029296875
-0.902099609375
-0.693359375
0.115966796875
-0.4765625
-0.24029541015625
-0.21337890625
-0.67041015625
0.091064453125
-0.327880859375
-0.763916015625
-0.5247802734375
-0.70269775390625
0.155029296875
-0.12860107421875
-0.16851806640625
-0.22186279296875
-0.71795654296875
-0.6885986328125
0.19537353515625
-0.0570068359375
0.58258056640625
0.43829345703125
-0.4974365234375
0.027587890625
-1.13739013671875
-0.03369140625
-0.29156494140625
-0.25732421875
-0.07391357421875
-0.608642578125
-0.03271484375
-0.279052734375
-0.40423583984375
0.40594482421875
-0.292724609375
0.26904296875
-0.24725341796875
0.19287109375
-0.146240234375
-0.25689697265625
0.04632568359375
-0.09173583984375
-0.11700439453125
-1.052490234375
-0.72784423828125
-0.4793701171875
-0.7633056640625
-0.102783203125
0.15771484375
-0.341796875
-0.10784912109375
-0.0999755859375
0.21270751953125
0.49139404296875
0.17535400390625
-0.222412109375
-0.20281982421875
0.02581787109375
-0.24041748046875
-0.129150390625
-0.0078125
-0.073486328125
0.0093994140625
-0.3721923828125
-0.34228515625
-0.75921630859375
-0.75408935546875
0.50311279296875
0.578369140625
-0.46075439453125
-0.68548583984375
-0.102294921875
0.7435302734375
0.259765625
-0.7960205078125
-0.3216552734375
0.16455078125
-0.7667236328125
0.176025390625
-0.04473876953125
-0.15252685546875
-0.7723388671875
0.10406494140625
-0.36297607421875
0.0767822265625
-0.22454833984375
0.2344970703125
0.34295654296875
0.20318603515625
-0.07952880859375
-0.61083984375
-0.02099609375
-0.0361328125
0.10491943359375
0.717041015625
0.24755859375
0.0252685546875
-1.17474365234375
-0.3089599609375
-0.16644287109375
-0.60260009765625
0.66363525390625
0.33465576171875
0.197998046875
-0.1907958984375
-0.8671875
-0.2679443359375
-0.55096435546875
-0.1756591796875
0.62152099609375
0.57318115234375
0.16082763671875
0.2913818359375
-0.00946044921875
-0.44061279296875
-0.4854736328125
-0.36407470703125
0.6343994140625
-0.29351806640625
-1.0946044921875
-0.2762451171875
-0.802734375
0.0216064453125
1.04248046875
-0.33013916015625
-0.288818359375
-0.44866943359375
-0.56329345703125
-0.193603515625
-0.55035400390625
-1.39508056640625
0.12213134765625
0.16070556640625
0.51715087890625
0.816162109375
0.224853515625
-1.99041748046875
-0.5640869140625
0.679443359375
0.1651611328125
-0.80517578125
0.20794677734375
-0.17572021484375
0.81658935546875
0.30731201171875
0.57037353515625
-0.60107421875
-0.481689453125
1.61163330078125
1.14996337890625
-0.878662109375
-0.2001953125
-0.943359375
-0.495361328125
0.34661865234375
-0.97076416015625
0.04119873046875
1.43316650390625
-1.06671142578125
-0.15576171875
0.011474609375
-0.75958251953125
0.59442138671875
0.0677490234375
-0.0791015625
0.07269287109375
-0.40283203125
0.13037109375
0.23541259765625
-1.04254150390625
-0.65423583984375
0.22454833984375
-0.39898681640625
-0.05316162109375
-0.4171142578125
-0.34881591796875
0.70758056640625
0.99774169921875
-0.07379150390625
0.05572509765625
-1.14117431640625
0.1846923828125
0.65167236328125
-0.683837890625
0.59600830078125
0.83770751953125
-0.28961181640625
0.633056640625
0.32000732421875
-0.6158447265625
-0.3607177734375
-0.2301025390625
-0.044677734375
-0.11688232421875
-0.884521484375
-0.356689453125
0.50592041015625
-0.28173828125
-0.079345703125
0.1925048828125
0.0013427734375
-0.14300537109375
-0.8363037109375
0.0150146484375
-0.30804443359375
-0.01312255859375
-0.75531005859375
-0.36163330078125
0.2811279296875
0.123046875
-0.22943115234375
0.06378173828125
-0.2099609375
-0.2481689453125
0.17498779296875
-0.54364013671875
-0.01055908203125
-0.5833740234375
-0.3619384765625
-0.33319091796875
0.22845458984375
-0.917236328125
0.2874755859375
0.45849609375
-0.2049560546875
-0.2615966796875
-0.43475341796875
0.14910888671875
-0.637939453125
-0.535888671875
-0.86505126953125
1.40960693359375
-0.2889404296875
-0.46539306640625
0.53857421875
-0.1494140625
0.453125
-0.01568603515625
-0.42138671875
-0.2142333984375
0.05975341796875
0.21893310546875
0.12530517578125
-0.01751708984375
-0.19384765625
-0.0377197265625
0.32830810546875
0.5289306640625
0.3583984375
-0.12969970703125
-0.30389404296875
-0.18646240234375
0.3885498046875
-0.1944580078125
-0.06243896484375
-0.246337890625
0.21234130859375
-0.3646240234375
-0.6029052734375
-0.3477783203125
-0.01708984375
-0.410888671875
0.04229736328125
0.16455078125
0.40460205078125
0.6072998046875
0.81658935546875
0.05377197265625
0.066162109375
0.17022705078125
-0.0872802734375
-0.24041748046875
0.0067138671875
0.53521728515625
-0.1572265625
-0.0982666015625
0.1658935546875
-0.30316162109375
-0.46905517578125
0.3563232421875
-0.4267578125
0.23828125
-0.08697509765625
-0.1295166015625
0.0570068359375
0.08984375
0.4462890625
-0.39349365234375
-1.08172607421875
0.52081298828125
-0.20306396484375
0.04937744140625
0.56488037109375
0.05426025390625
-0.595947265625
-1.63580322265625
0.38995361328125
0.63677978515625
0.3338623046875
-0.2738037109375
0.26593017578125
-0.43426513671875
-0.428955078125
0.452392578125
-0.4666748046875
-0.59991455078125
-0.22674560546875
0.28009033203125
0.6497802734375
-0.19879150390625
-0.22857666015625
-0.894775390625
0.1942138671875
-0.47119140625
0.61767578125
-0.38714599609375
-1.0794677734375
0.588623046875
0.85498046875
-1.38446044921875
0.02679443359375
-0.5257568359375
-0.5673828125
0.80938720703125
-0.888671875
0.35162353515625
-0.033935546875
-0.519775390625
-0.2470703125
0.83880615234375
0.31414794921875
0.23614501953125
-0.42626953125
-1.84442138671875
0.18017578125
-0.8277587890625
-0.55755615234375
-0.0623779296875
-0.54791259765625
0.11505126953125
0.78302001953125
0.770263671875
-0.33660888671875
-1.15570068359375
-0.200927734375
0.4598388671875
0.05877685546875
-0.02777099609375
-0.781494140625
-0.26116943359375
0.0589599609375
-0.498779296875
-0.2950439453125
0.0181884765625
-0.30462646484375
-1.04345703125
0.44952392578125
0.036376953125
-0.1640625
-0.13104248046875
-0.90045166015625
-0.19488525390625
1.017333984375
-0.71673583984375
-0.199951171875
-0.517822265625
-0.1007080078125
-0.33258056640625
0.19866943359375
-0.28277587890625
0.3482666015625
0.46490478515625
0.0081787109375
0.4267578125
-0.11846923828125
-0.2730712890625
-0.42962646484375
-0.0791015625
0.24041748046875
-0.75897216796875
-0.286865234375
-0.59112548828125
0.26776123046875
0.14190673828125
-0.0013427734375
0.310546875
0.199462890625
0.13616943359375
0.1109619140625
-0.2965087890625
-0.01434326171875
0.36614990234375
-0.22174072265625
0.18927001953125
-0.17938232421875
0.52587890625
-0.24371337890625
-0.3778076171875
1.09063720703125
-0.11077880859375
-0.55194091796875
-0.85528564453125
-0.46282958984375
-0.41033935546875
-0.0660400390625
-0.31280517578125
0.13580322265625
-0.79742431640625
-0.12994384765625
0.49468994140625
-0.08349609375
-0.54498291015625
-0.9691162109375
-0.37677001953125
0.14056396484375
1.16729736328125
-0.4429931640625
-0.3118896484375
-0.073974609375
-0.0255126953125
-0.82330322265625
0.0654296875
-0.34649658203125
-0.138671875
-0.72210693359375
-0.11895751953125
0.31427001953125
0.14080810546875
-0.23675537109375
-0.40863037109375
0.13055419921875
0.39105224609375
-0.33441162109375
-0.46636962890625
-0.00244140625
-0.1522216796875
0.27777099609375
0.575927734375
-0.51690673828125
-0.58734130859375
-0.31549072265625
-0.08795166015625
-1.01605224609375
-0.0340576171875
-0.49749755859375
-0.5723876953125
-0.0360107421875
-0.56024169921875
0.1923828125
-0.17218017578125
-0.724853515625
-0.0677490234375
-0.4456787109375
-0.8150634765625
-0.5802001953125
-0.82977294921875
-0.033447265625
-0.3697509765625
0.51947021484375
0.250732421875
-0.13519287109375
-1.008056640625
-0.8021240234375
0.0518798828125
-0.34918212890625
-0.23211669921875
-0.189208984375
-0.4244384765625
-1.2261962890625
-0.5904541015625
0.63330078125
0.17193603515625
0.02191162109375
0.3336181640625
0.21185302734375
-0.2427978515625
-0.13671875
-0.7489013671875
-0.45556640625
-0.9677734375
-0.31500244140625
0.733154296875
-0.36822509765625
-0.181396484375
0.3087158203125
0.047607421875
0.64849853515625
-0.30450439453125
-0.59149169921875
-0.597412109375
-0.1065673828125
0.13885498046875
-1.27996826171875
0.4771728515625
-0.32598876953125
-0.676513671875
-0.2796630859375
-1.05218505859375
0.22479248046875
-0.41748046875
-0.4373779296875
0.0894775390625
-0.59228515625
0.35028076171875
0.1300048828125
-0.2347412109375
-0.9764404296875
0.4056396484375
-0.6112060546875
0.70513916015625
-0.198974609375
-0.634521484375
0.14630126953125
-0.20501708984375
-0.21429443359375
1.0030517578125
-0.7718505859375
0.49066162109375
0.0762939453125
-0.36962890625
-0.58612060546875
-0.34014892578125
-0.029296875
0.17108154296875
0.06231689453125
0.11138916015625
-0.374267578125
-0.03521728515625
-0.0924072265625
-0.05718994140625
-0.1302490234375
0.7532958984375
-0.0145263671875
0.30279541015625
0.59039306640625
0.51263427734375
-0.17340087890625
-0.236572265625
-0.2130126953125
-0.25909423828125
0.30169677734375
0.028564453125
-0.2491455078125
0.26806640625
0.1458740234375
-0.30938720703125
-0.32794189453125
-0.09039306640625
-0.5709228515625
-0.02679443359375
0.13006591796875
-0.3175048828125
-0.297607421875
-0.3653564453125
0.55621337890625
0.44720458984375
-0.35845947265625
0.5401611328125
-0.175048828125
-0.36181640625
-0.2724609375
0.52484130859375
-0.0419921875
-0.30560302734375
-0.27496337890625
-0.218994140625
0.0540771484375
-0.08221435546875
-0.47332763671875
0.3250732421875
-0.3436279296875
0.441162109375
-0.12744140625
-0.06732177734375
-0.6441650390625
-0.4107666015625
-0.20257568359375
-0.12164306640625
0.16827392578125
-0.1002197265625
-0.26153564453125
0.05804443359375
0.0447998046875
-0.2587890625
0.073974609375
0.342529296875
0.01043701171875
0.692626953125
-0.42333984375
0.05706787109375
0.0240478515625
0.03753662109375
0.76715087890625
0.175048828125
-0.52008056640625
-0.35333251953125
0.3056640625
-0.924072265625
-0.672119140625
-0.7713623046875
0.18353271484375
0.15350341796875
-0.1387939453125
-0.16461181640625
-0.6248779296875
-0.47454833984375
-0.1005859375
-0.3270263671875
0.030029296875
0.3634033203125
-0.27325439453125
-0.204833984375
-0.294677734375
0.087646484375
0.24383544921875
0.08447265625
-0.08062744140625
0.17620849609375
-0.2415771484375
-0.4215087890625
-0.17462158203125
-0.44970703125
0.0994873046875
-0.22113037109375
0.31182861328125
-0.4342041015625
0.1964111328125
-0.2191162109375
-0.5291748046875
0.7998046875
0.02191162109375
-0.2720947265625
0.29278564453125
-0.8251953125
0.3797607421875
0.691650390625
0.34259033203125
0.4305419921875
0.43780517578125
-0.828369140625
-0.87432861328125
-0.5228271484375
0.46051025390625
0.8746337890625
0.9517822265625
-0.48638916015625
-0.35174560546875
0.71771240234375
-0.0225830078125
0.17864990234375
-0.78521728515625
-1.0023193359375
0.4674072265625
0.73284912109375
0.33038330078125
0.9593505859375
-1.40802001953125
-0.775634765625
0.45025634765625
-1.03643798828125
-1.02655029296875
-0.248779296875
0.4814453125
0.06536865234375
-0.37396240234375
-0.1781005859375
1.07769775390625
-0.1099853515625
-0.90606689453125
0.41424560546875
-0.07342529296875
0.48565673828125
0.62371826171875
-1.42291259765625
-0.22509765625
-0.02276611328125
0.7093505859375
0.25885009765625
-0.8177490234375
-1.2967529296875
-0.2918701171875
0.241943359375
0.1539306640625
0.22344970703125
-0.70172119140625
-0.2923583984375
0.49932861328125
-0.01702880859375
-0.83929443359375
-0.91888427734375
-0.47625732421875
0.7083740234375
0.0504150390625
-1.15069580078125
0.0946044921875
-0.69818115234375
-0.472412109375
0.352294921875
-0.08673095703125
-0.4044189453125
0.1575927734375
-0.89654541015625
-0.3011474609375
0.2896728515625
-0.77685546875
0.27496337890625
0.19342041015625
-0.41265869140625
0.05548095703125
-0.16705322265625
-0.3487548828125
-0.3404541015625
0.04534912109375
-1.0899658203125
1.054443359375
-0.07867431640625
-0.724365234375
0.19061279296875
0.0928955078125
-0.23297119140625
-0.2828369140625
-0.36505126953125
-0.9609375
-0.18377685546875
-0.3216552734375
-0.52862548828125
0.28033447265625
0.04290771484375
-0.1412353515625
-0.00787353515625
-0.33380126953125
-0.35369873046875
-0.03741455078125
0.219482421875
-0.2904052734375
0.73712158203125
0.300537109375
0.435302734375
-0.067626953125
-0.41650390625
0.7454833984375
0.21282958984375
0.02398681640625
-0.06256103515625
0.3153076171875
-0.71636962890625
-0.46002197265625
0.31884765625
-0.80426025390625
0.2210693359375
-0.37109375
-0.14166259765625
-0.24798583984375
0.1053466796875
-0.91387939453125
-0.1571044921875
0.3060302734375
0.05230712890625
-0.34295654296875
-0.76708984375
-0.425048828125
-0.3011474609375
-0.07696533203125
-0.65216064453125
-0.29473876953125
0.24554443359375
0.2449951171875
-0.0875244140625
-0.74468994140625
-0.34161376953125
-0.30902099609375
-1.10723876953125
0.53179931640625
-0.552978515625
-0.07470703125
-0.13543701171875
-0.05401611328125
0.10986328125
-0.2716064453125
-0.4691162109375
-0.82623291015625
-0.00335693359375
0.0126953125
-0.14593505859375
0.0128173828125
0.28350830078125
0.50164794921875
0.30078125
-0.15447998046875
-0.5267333984375
0.2772216796875
-0.0635986328125
-0.57781982421875
0.2646484375
-0.0543212890625
-0.71844482421875
0.6641845703125
0.15582275390625
0.47979736328125
0.055419921875
0.00616455078125
0.42230224609375
0.16845703125
-0.00347900390625
0.59027099609375
0.30157470703125
0.6300048828125
-0.983154296875
-0.2364501953125
0.3624267578125
-0.05694580078125
-0.83941650390625
-0.2972412109375
-0.33642578125
-1.14764404296875
-1.53485107421875
0.5716552734375
0.46099853515625
-0.47259521484375
0.1007080078125
0.4134521484375
-0.03436279296875
0.133544921875
0.32391357421875
-0.70623779296875
0.16656494140625
-0.3681640625
0.94390869140625
0.56915283203125
-0.39544677734375
0.0914306640625
0.22857666015625
-1.01885986328125
0.07232666015625
0.73724365234375
0.0537109375
-1.517333984375
0.49798583984375
-0.18939208984375
-0.841796875
0.27325439453125
-0.34857177734375
0.82330322265625
-0.026611328125
0.13482666015625
-0.4237060546875
-0.05169677734375
-0.8072509765625
-0.4298095703125
-0.3812255859375
1.299560546875
0.48028564453125
-0.169189453125
0.16595458984375
-0.38330078125
-0.8101806640625
-0.3309326171875
-0.29632568359375
-0.3082275390625
-0.19049072265625
-0.07550048828125
0.89996337890625
-0.54876708984375
-0.8345947265625
-0.428955078125
-0.009765625
-0.7073974609375
0.4112548828125
-1.00518798828125
-0.34979248046875
0.30792236328125
-0.12701416015625
0.30780029296875
-0.767333984375
-0.84722900390625
0.025634765625
-0.43731689453125
-0.2147216796875
-6.103515625e-05
-0.45294189453125
0.13543701171875
0.8538818359375
0.10406494140625
-0.47015380859375
-0.2559814453125
-0.1800537109375
-0.3209228515625
-0.9815673828125
-0.1923828125
0.0433349609375
0.426513671875
-0.29681396484375
-0.48583984375
-0.14447021484375
-0.093505859375
-0.398681640625
0.34307861328125
-0.11309814453125
0.69879150390625
0.14605712890625
0.35015869140625
0.21319580078125
0.35693359375
-0.28497314453125
-0.045654296875
0.25616455078125
0.218017578125
-0.35382080078125
0.2393798828125
0.55670166015625
0.06390380859375
0.18060302734375
0.1123046875
-0.86041259765625
0.3153076171875
-0.37017822265625
-0.253173828125
-0.265625
0.237548828125
0.0789794921875
-0.30181884765625
-0.37310791015625
0.14361572265625
-0.099853515625
-0.08038330078125
-0.24639892578125
-0.31005859375
0.1300048828125
0.2950439453125
-0.6182861328125
-0.106201171875
-0.69085693359375
0.29425048828125
-0.291015625
-0.54132080078125
-0.9066162109375
-0.0693359375
-0.0645751953125
-0.68994140625
0.2900390625
0.330810546875
0.52587890625
-0.51214599609375
-0.31097412109375
-0.50018310546875
0.2640380859375
0.0718994140625
-0.26513671875
-0.0609130859375
-0.04937744140625
-0.5362548828125
0.2061767578125
-0.1572265625
-0.1282958984375
-0.057861328125
-0.408447265625
0.1365966796875
-0.88525390625
0.2630615234375
-0.3424072265625
0.39483642578125
0.4390869140625
-0.14556884765625
0.13177490234375
-0.775146484375
-0.199951171875
0.57958984375
-0.36529541015625
-0.150146484375
-0.08355712890625
-0.36602783203125
-0.608154296875
-0.51385498046875
-0.94451904296875
-0.17266845703125
0.03814697265625
0.79400634765625
0.55072021484375
-0.01605224609375
0.40106201171875
-0.5838623046875
-0.613037109375
0.42034912109375
-0.32501220703125
-0.184814453125
0.27557373046875
-0.70574951171875
-0.36700439453125
-0.89093017578125
0.38250732421875
1.23583984375
0.3878173828125
0.41015625
-0.85516357421875
-0.52288818359375
0.5684814453125
-0.231689453125
-0.65399169921875
-0.614013671875
-0.46978759765625
0.95001220703125
0.73876953125
-0.90240478515625
0.78338623046875
-0.06256103515625
0.88568115234375
0.151123046875
0.67864990234375
-0.31207275390625
0.159423828125
0.4339599609375
-0.17022705078125
0.08355712890625
1.12890625
0.52410888671875
-0.4964599609375
-0.17529296875
-0.7313232421875
0.25762939453125
-1.25518798828125
-1.132568359375
-0.2236328125
0.10089111328125
0.43890380859375
-0.38897705078125
-0.88336181640625
0.20941162109375
0.0096435546875
-0.032470703125
0.07574462890625
0.1617431640625
-0.74505615234375
-0.3525390625
0.14739990234375
1.08642578125
-0.09649658203125
-1.166259765625
-0.543212890625
-0.47027587890625
-0.24542236328125
0.08258056640625
-0.049560546875
-0.51763916015625
-0.296630859375
0.63507080078125
-0.0252685546875
-0.62860107421875
0.45404052734375
-0.965576171875
-0.81011962890625
-0.15966796875
0.167724609375
0.30462646484375
0.10833740234375
0.1905517578125
0.31768798828125
-0.1571044921875
-0.7926025390625
-0.2099609375
0.21337890625
-0.02264404296875
0.68182373046875
0.29638671875
-0.31787109375
0.223388671875
-0.121826171875
0.35443115234375
0.12530517578125
0.005615234375
-0.7227783203125
0.42608642578125
0.26898193359375
0.89422607421875
-0.25958251953125
0.56524658203125
0.533447265625
0.161865234375
-0.63055419921875
-0.3492431640625
0.4490966796875
0.05743408203125
0.71368408203125
0.23480224609375
-0.5887451171875
0.382568359375
0.2847900390625
0.56988525390625
-0.03955078125
-0.47784423828125
0.08056640625
0.698974609375
0.26263427734375
-0.05682373046875
0.03094482421875
-0.38531494140625
0.22088623046875
-0.02423095703125
-0.5224609375
-0.33807373046875
-0.09490966796875
-0.12298583984375
-0.7916259765625
0.263671875
-0.533203125
0.0732421875
0.63128662109375
-0.03289794921875
-0.4508056640625
-0.619873046875
-0.17950439453125
0.0826416015625
-0.92901611328125
-0.3525390625
-0.04229736328125
0.09344482421875
-0.28192138671875
-0.3045654296875
-0.4532470703125
-0.1729736328125
0.0870361328125
0.54156494140625
-0.76190185546875
-0.32147216796875
-0.09912109375
-0.51641845703125
-0.666259765625
-0.37139892578125
-0.7015380859375
-0.30462646484375
-0.10693359375
-0.1937255859375
0.18499755859375
0.2568359375
0.06304931640625
0.31884765625
-0.68603515625
-0.259765625
-0.02532958984375
-0.4947509765625
-0.12481689453125
-0.05322265625
-0.657958984375
-0.49078369140625
0.242919921875
-0.05072021484375
-0.251708984375
-0.01080322265625
-0.86395263671875
0.06707763671875
0.3851318359375
0.3896484375
-0.3868408203125
-0.14239501953125
-0.13702392578125
-0.84796142578125
-0.5833740234375
0.14373779296875
0.8607177734375
-0.15966796875
-0.977294921875
-1.33184814453125
0.00750732421875
-0.3173828125
0.4915771484375
-0.265869140625
-0.0706787109375
-0.25177001953125
0.54833984375
-0.2490234375
-0.17236328125
-1.0213623046875
-0.66094970703125
0.2960205078125
0.10821533203125
-0.1031494140625
0.32763671875
-0.6221923828125
-0.45440673828125
0.56585693359375
-0.70196533203125
-0.7027587890625
0.481201171875
-0.40240478515625
-0.33599853515625
0.24993896484375
-0.782958984375
-0.13128662109375
1.4085693359375
-0.2076416015625
-0.4578857421875
-0.03125
0.04815673828125
-0.30029296875
-0.37237548828125
0.569091796875
0.81353759765625
0.45721435546875
-0.9962158203125
-0.61083984375
-0.267578125
-0.34130859375
0.1094970703125
-0.3876953125
-0.66082763671875
-0.51513671875
0.50262451171875
0.23150634765625
1.00164794921875
-0.90484619140625
-0.2379150390625
0.30029296875
-0.5545654296875
0.0992431640625
-0.40081787109375
-0.21124267578125
0.86749267578125
0.03546142578125
0.49786376953125
-0.06146240234375
-0.320068359375
-0.13629150390625
0.667236328125
-0.27264404296875
-0.37420654296875
0.50811767578125
-0.22540283203125
-0.251708984375
-0.30084228515625
-0.51617431640625
0.054443359375
-0.30767822265625
-0.88519287109375
-0.222900390625
-0.38409423828125
-0.49072265625
0.09686279296875
-0.65252685546875
0.73712158203125
-0.3251953125
-0.23590087890625
-1.1099853515625
-0.5916748046875
-0.12841796875
0.4171142578125
0.27978515625
-0.210205078125
-0.122314453125
-0.09716796875
0.3980712890625
-0.13140869140625
-0.126708984375
0.01654052734375
-0.89385986328125
0.982666015625
-0.25262451171875
-0.58807373046875
-0.30511474609375
-0.2691650390625
-0.18035888671875
0.59857177734375
-0.64434814453125
-0.54669189453125
0.8114013671875
-0.111083984375
-0.1278076171875
0.54998779296875
-0.6136474609375
-0.05120849609375
-0.40765380859375
-0.2635498046875
-0.0357666015625
0.39166259765625
-0.34979248046875
-0.21990966796875
-0.14715576171875
-0.643310546875
-0.646240234375
0.986083984375
-0.85296630859375
0.36737060546875
-0.14990234375
0.231201171875
-0.156982421875
-0.59039306640625
-0.3677978515625
-0.14385986328125
0.2919921875
0.0750732421875
-0.24713134765625
-0.14642333984375
-0.286865234375
0.71600341796875
0.1591796875
0.00830078125
0.24737548828125
-0.29400634765625
-0.07666015625
0.01702880859375
-0.2138671875
-0.116943359375
-0.23968505859375
-0.28546142578125
0.61761474609375
-0.3345947265625
-1.1925048828125
0.56573486328125
-0.37994384765625
-0.154541015625
0.30096435546875
-0.44140625
0.50775146484375
0.513427734375
0.03826904296875
0.001953125
-0.31744384765625
0.25439453125
-0.2955322265625
-0.35028076171875
0.14068603515625
0.0806884765625
-0.5042724609375
0.18487548828125
-0.5584716796875
-0.162353515625
0.45220947265625
0.90460205078125
-0.180419921875
-1.1177978515625
-0.15875244140625
0.2724609375
0.23944091796875
0.06829833984375
0.4345703125
-0.34710693359375
-1.30084228515625
-1.45941162109375
-0.01824951171875
0.84759521484375
0.9415283203125
0.3006591796875
0.291748046875
-0.41107177734375
0.1832275390625
-0.283935546875
-0.5701904296875
-0.3173828125
0.92718505859375
0.7523193359375
0.04931640625
1.13470458984375
-1.40826416015625
-0.5113525390625
0.01165771484375
-0.6964111328125
-0.2908935546875
-0.43743896484375
-0.22027587890625
0.404296875
0.63580322265625
-0.5693359375
-0.244873046875
0.66204833984375
-0.00701904296875
1.26373291015625
0.33709716796875
-0.34814453125
-0.22613525390625
-0.18731689453125
0.79644775390625
0.77423095703125
-0.40081787109375
-0.4981689453125
0.1689453125
-0.15411376953125
0.70050048828125
0.12841796875
-0.32916259765625
-0.265869140625
-0.5985107421875
-0.067138671875
0.40924072265625
0.608154296875
-0.07049560546875
-0.63214111328125
0.40509033203125
0.79327392578125
-0.16571044921875
-0.59796142578125
-0.079833984375
0.10809326171875
0.3670654296875
0.31170654296875
-0.3323974609375
0.073486328125
-0.41693115234375
-0.01226806640625
0.385986328125
-0.070068359375
0.8564453125
0.4580078125
-0.193115234375
0.45123291015625
-0.2725830078125
-0.19781494140625
0.08453369140625
-0.317626953125
0.49822998046875
-0.19744873046875
0.18402099609375
-0.0689697265625
0.00860595703125
-1.11383056640625
0.4468994140625
-0.2821044921875
-0.04803466796875
-0.5347900390625
-0.000732421875
0.53985595703125
-0.3768310546875
0.13336181640625
0.35693359375
-0.26324462890625
-0.63275146484375
-0.454833984375
-0.167236328125
0.07757568359375
-0.50787353515625
-0.36651611328125
-0.4849853515625
0.284423828125
-0.45660400390625
-0.58380126953125
0.0101318359375
-0.11431884765625
-0.688720703125
0.1475830078125
-0.3323974609375
-0.24072265625
0.77069091796875
-0.43218994140625
0.22222900390625
-0.25482177734375
-0.2596435546875
-0.19244384765625
-0.11334228515625
-0.1953125
0.093017578125
-0.52984619140625
0.32232666015625
0.10186767578125
0.3948974609375
-0.254150390625
-0.20611572265625
-0.07989501953125
-0.1639404296875
0.33447265625
-0.3216552734375
0.41522216796875
-0.7979736328125
-0.3033447265625
0.62713623046875
-0.09222412109375
-0.22979736328125
0.579833984375
-0.09814453125
-0.2880859375
-0.17779541015625
0.4573974609375
0.87921142578125
-0.74859619140625
-0.44073486328125
-0.08648681640625
-0.018310546875
-0.14886474609375
-1.0267333984375
-0.113525390625
0.07183837890625
1.0718994140625
0.61712646484375
-0.525390625
-0.65911865234375
0.14678955078125
0.610595703125
0.82733154296875
0.174560546875
-0.43743896484375
-0.75616455078125
-0.23065185546875
-1.06317138671875
0.59613037109375
-0.07861328125
-0.33978271484375
0.1060791015625
0.55126953125
-0.8358154296875
-1.57989501953125
-0.7904052734375
-0.26214599609375
1.080078125
-0.0087890625
-1.4324951171875
-1.02764892578125
-0.2318115234375
-0.392333984375
-0.28790283203125
-0.2401123046875
0.10015869140625
0.52978515625
-0.74273681640625
-0.10357666015625
0.8131103515625
0.5345458984375
0.2230224609375
-0.91583251953125
0.1422119140625
0.7540283203125
-0.7137451171875
-0.3941650390625
-0.7147216796875
-0.70208740234375
0.72900390625
0.809814453125
-0.09490966796875
0.87835693359375
-0.06201171875
-0.27362060546875
0.39996337890625
-0.73175048828125
-0.29925537109375
-0.2593994140625
0.56640625
0.48736572265625
-0.751953125
-0.44580078125
0.61846923828125
0.4776611328125
0.540283203125
-0.70623779296875
-0.39495849609375
-0.5225830078125
0.22332763671875
0.22674560546875
0.08477783203125
0.24188232421875
0.421630859375
0.05303955078125
-0.412109375
0.1575927734375
-0.31011962890625
-0.46417236328125
-0.52642822265625
-0.56866455078125
0.18011474609375
0.1722412109375
0.66241455078125
1.295166015625
-1.426513671875
-0.03179931640625
0.149658203125
0.375244140625
-0.139892578125
-0.5548095703125
0.02490234375
0.03546142578125
-0.33978271484375
0.1944580078125
-0.77923583984375
0.24945068359375
0.58135986328125
-0.57135009765625
-0.34112548828125
-0.0924072265625
-0.43896484375
0.5330810546875
0.378173828125
0.0355224609375
-0.220458984375
0.6788330078125
-0.299072265625
0.72613525390625
0.3057861328125
0.34832763671875
-0.04730224609375
-0.12396240234375
-0.658447265625
-0.43511962890625
0.1085205078125
-0.42071533203125
0.43267822265625
-0.3592529296875
-0.4801025390625
-0.28106689453125
-0.28485107421875
0.09002685546875
-0.115478515625
-0.28662109375
0.4202880859375
-0.36309814453125
-0.62725830078125
-0.23040771484375
-0.2337646484375
0.32672119140625
0.37615966796875
-0.65826416015625
0.01226806640625
-0.67059326171875
-0.51910400390625
-0.5711669921875
0.1258544921875
0.05340576171875
0.2537841796875
0.9229736328125
-0.02813720703125
0.0340576171875
0.07977294921875
-0.25970458984375
-0.437255859375
-0.42657470703125
-0.431884765625
-0.2230224609375
-0.01611328125
-0.54962158203125
0.08135986328125
-0.2994384765625
-0.08575439453125
-0.56549072265625
0.0809326171875
-0.34326171875
-0.1878662109375
0.36480712890625
-0.63787841796875
-0.12506103515625
0.17578125
-0.34783935546875
0.14703369140625
-0.23223876953125
-0.1783447265625
-0.263671875
-0.287353515625
-1.071044921875
0.3172607421875
-0.04901123046875
-0.06085205078125
-0.3846435546875
-0.0595703125
0.2083740234375
0.54400634765625
0.06439208984375
0.30523681640625
-0.337890625
0.24041748046875
-0.0367431640625
0.3017578125
-0.014404296875
0.3865966796875
-0.5670166015625
0.49456787109375
-0.07867431640625
-0.35797119140625
-0.25372314453125
-0.236572265625
0.41412353515625
-0.15167236328125
0.082275390625
0.1834716796875
0.29669189453125
-0.16754150390625
-0.7474365234375
-1.0255126953125
0.1123046875
0.6678466796875
0.2999267578125
-0.1702880859375
-1.205810546875
0.02276611328125
0.17559814453125
0.057861328125
0.365478515625
-0.21197509765625
-0.83734130859375
-0.6392822265625
-0.65252685546875
-0.48455810546875
0.95928955078125
0.50439453125
-0.45025634765625
-0.3660888671875
0.0977783203125
-0.9156494140625
-1.61883544921875
-0.7843017578125
-0.24530029296875
0.68096923828125
-0.38134765625
-0.22332763671875
0.54229736328125
-1.36114501953125
-0.31781005859375
0.5592041015625
-0.13348388671875
-1.80126953125
1.2952880859375
0.81201171875
-0.78265380859375
-0.04888916015625
-0.5438232421875
-0.24090576171875
0.60528564453125
-0.36553955078125
-1.19549560546875
-0.038330078125
-0.2025146484375
-0.68701171875
-0.15093994140625
-0.58636474609375
0.37823486328125
1.351318359375
-1.0675048828125
0.7001953125
0.1468505859375
0.5113525390625
-0.196533203125
0.80908203125
-0.67138671875
-0.9871826171875
-0.12200927734375
0.37884521484375
-0.14666748046875
0.182861328125
-0.57958984375
-0.53289794921875
-0.02081298828125
0.54217529296875
0.2216796875
-1.2127685546875
0.47796630859375
-0.081298828125
-0.07269287109375
-0.10137939453125
-0.3890380859375
0.4931640625
0.02825927734375
0.32525634765625
-0.48492431640625
-0.37152099609375
0.047607421875
0.8453369140625
-0.2945556640625
-0.20391845703125
-0.379638671875
-0.175537109375
-0.3115234375
0.35955810546875
0.04376220703125
-0.30938720703125
-0.51171875
-0.76007080078125
0.24249267578125
-0.71685791015625
-0.50189208984375
0.1065673828125
-0.3587646484375
-0.473388671875
-0.54852294921875
-0.25787353515625
0.43560791015625
-0.4765625
-0.39007568359375
-0.13140869140625
0.01318359375
0.6396484375
0.14056396484375
-0.05908203125
-0.05615234375
0.026123046875
-0.881591796875
-0.05633544921875
-0.46771240234375
-0.458984375
0.53466796875
-0.54937744140625
-0.38043212890625
0.47784423828125
0.0029296875
-0.35272216796875
0.04010009765625
0.2979736328125
0.07159423828125
-0.45428466796875
-0.34588623046875
0.36993408203125
0.66455078125
0.1751708984375
-0.2559814453125
-0.44708251953125
-0.496337890625
0.5718994140625
0.18994140625
0.15020751953125
-0.507080078125
-0.25152587890625
0.0771484375
-0.3251953125
-0.01416015625
-0.4791259765625
0.05072021484375
0.38970947265625
0.6763916015625
-0.9508056640625
-0.42108154296875
-0.84014892578125
0.1221923828125
0.463623046875
-0.13720703125
0.5360107421875
-0.61712646484375
-0.3363037109375
0.55181884765625
0.6890869140625
-0.78851318359375
-0.71124267578125
-0.29437255859375
-0.05267333984375
0.48175048828125
0.03076171875
0.13336181640625
0.54449462890625
-0.0833740234375
-0.4527587890625
0.2681884765625
0.09783935546875
-0.76336669921875
-0.47039794921875
-0.39654541015625
-0.76666259765625
-1.395751953125
-0.348876953125
-0.6474609375
-0.23883056640625
0.022216796875
0.21954345703125
-0.06256103515625
-0.32373046875
-0.38018798828125
0.168212890625
0.022216796875
0.5225830078125
-0.15130615234375
0.03173828125
-0.9656982421875
0.757080078125
0.190673828125
0.0087890625
-1.65875244140625
-0.51666259765625
-0.9866943359375
-0.5076904296875
1.615966796875
0.73126220703125
0.46832275390625
-1.03167724609375
-1.24676513671875
0.48779296875
0.18951416015625
-0.75274658203125
-0.82061767578125
-0.336669921875
0.6851806640625
0.46783447265625
-0.0487060546875
0.1356201171875
0.4742431640625
-0.553955078125
0.01324462890625
0.17608642578125
0.37890625
-0.66156005859375
-0.1053466796875
-0.353759765625
-0.86541748046875
1.1290283203125
-1.04248046875
0.3797607421875
0.38934326171875
0.0179443359375
0.43377685546875
-1.13916015625
-0.286376953125
-0.1102294921875
0.24139404296875
-0.18017578125
1.2125244140625
-0.1422119140625
-1.02099609375
-0.54766845703125
-0.43157958984375
0.04644775390625
-0.35888671875
-0.79107666015625
-0.28509521484375
0.74127197265625
0.54388427734375
0.59912109375
-0.53387451171875
-0.5841064453125
0.05328369140625
-0.469482421875
-0.05560302734375
-0.1920166015625
-0.40081787109375
1.0013427734375
-0.48345947265625
-0.2283935546875
-0.26708984375
-0.37750244140625
-0.549072265625
-0.26458740234375
0.311767578125
0.46368408203125
0.22381591796875
0.1275634765625
0.6611328125
0.1226806640625
-0.35107421875
0.16363525390625
0.219970703125
-0.2813720703125
0.51751708984375
-0.12091064453125
0.28179931640625
-0.20721435546875
-0.24072265625
0.61053466796875
0.05279541015625
-0.20379638671875
-0.17950439453125
0.19830322265625
-0.24945068359375
0.15057373046875
0.576904296875
-0.51470947265625
-0.32470703125
-0.0047607421875
0.250732421875
0.42425537109375
0.54669189453125
0.1976318359375
0.3486328125
0.2010498046875
-0.35833740234375
-0.2218017578125
-0.14691162109375
0.0084228515625
0.42584228515625
0.244140625
0.19598388671875
-0.0435791015625
-0.07867431640625
-0.3341064453125
-0.078125
0.24102783203125
-0.0372314453125
0.205322265625
-0.14385986328125
-0.1539306640625
0.41766357421875
-0.57342529296875
-0.36370849609375
0.123291015625
0.00640869140625
-0.015625
-0.2698974609375
-0.59393310546875
-0.30841064453125
0.29766845703125
-0.46612548828125
0.83477783203125
0.10357666015625
-0.42529296875
-0.147705078125
0.20391845703125
-0.8712158203125
0.3323974609375
-0.60467529296875
0.36163330078125
0.20147705078125
0.23455810546875
0.111083984375
-0.29339599609375
-0.6868896484375
-0.17938232421875
-0.765869140625
-0.4122314453125
0.5369873046875
-0.13287353515625
-0.08380126953125
0.27044677734375
0.18365478515625
-0.54327392578125
-0.2783203125
-0.2445068359375
-0.4520263671875
-0.5423583984375
-0.380859375
-0.05120849609375
0.01123046875
0.3394775390625
-0.86932373046875
-0.2489013671875
0.16973876953125
0.15380859375
-0.65240478515625
0.33416748046875
-0.085205078125
0.072998046875
0.41851806640625
-0.72900390625
0.31207275390625
0.6031494140625
0.1171875
0.29925537109375
-0.55450439453125
-0.0516357421875
0.4149169921875
-0.04290771484375
-0.10931396484375
0.877197265625
-0.56365966796875
-1.32635498046875
-0.90118408203125
0.2110595703125
0.88873291015625
0.20916748046875
-0.34332275390625
-0.080322265625
1.00439453125
0.4085693359375
-0.1646728515625
0.2694091796875
0.2860107421875
0.694580078125
0.539794921875
0.8797607421875
0.8533935546875
-1.28045654296875
-0.71466064453125
0.62115478515625
-0.0775146484375
-1.14947509765625
-0.12005615234375
1.18475341796875
-0.22198486328125
-0.74822998046875
0.06060791015625
0.7403564453125
-0.6331787109375
0.39105224609375
1.20599365234375
-0.6712646484375
0.150146484375
-0.2044677734375
-1.5914306640625
0.3367919921875
0.380615234375
-0.308349609375
-0.8038330078125
-0.11865234375
-1.40777587890625
-0.13580322265625
0.19696044921875
0.640869140625
0.10577392578125
-1.36627197265625
-0.68206787109375
1.50946044921875
1.06756591796875
-1.20721435546875
-1.23004150390625
0.10235595703125
0.14715576171875
-0.1380615234375
-0.18670654296875
0.407958984375
-0.35284423828125
-0.19036865234375
-0.66644287109375
0.24237060546875
-0.8531494140625
-0.0428466796875
-0.6904296875
-0.3157958984375
-0.4844970703125
-0.8250732421875
-0.623046875
0.11090087890625
0.13067626953125
0.01959228515625
-0.3818359375
-0.68829345703125
-0.151123046875
-0.0655517578125
0.165283203125
0.08038330078125
-0.78875732421875
-0.17431640625
-0.12481689453125
-0.27008056640625
-0.11871337890625
-0.11285400390625
-0.25994873046875
0.23541259765625
-1.0416259765625
-0.406005859375
0.3236083984375
0.20556640625
-0.1187744140625
-0.1058349609375
-0.1317138671875
-0.048583984375
-0.208251953125
-0.38055419921875
0.17144775390625
0.15155029296875
-0.39263916015625
-0.048583984375
-1.04486083984375
0.13995361328125
-0.35906982421875
-0.7352294921875
-0.21014404296875
0.01007080078125
0.24114990234375
-0.5384521484375
-0.404296875
0.1248779296875
0.93817138671875
-0.2750244140625
-0.27777099609375
0.11798095703125
0.06982421875
-0.62371826171875
0.08355712890625
-0.6527099609375
-0.64776611328125
-0.1802978515625
-0.65313720703125
-0.01751708984375
-0.17279052734375
-0.97760009765625
0.05487060546875
-0.30938720703125
-0.091552734375
0.17071533203125
-0.06195068359375
0.29754638671875
-0.111083984375
0.04705810546875
-0.880615234375
-1.48175048828125
0.01544189453125
-0.59600830078125
0.30767822265625
0.0042724609375
-0.3875732421875
-0.48211669921875
-0.47088623046875
-0.15887451171875
0.25201416015625
-0.03192138671875
0.1636962890625
-0.5484619140625
0.5443115234375
-0.8189697265625
0.0458984375
-0.1265869140625
-0.26483154296875
-0.126953125
-0.29071044921875
-0.15374755859375
-0.25860595703125
-0.6317138671875
-0.8614501953125
0.0965576171875
-0.2716064453125
-0.02935791015625
0.33563232421875
-0.41351318359375
0.24383544921875
-0.35894775390625
-0.11407470703125
-0.1864013671875
-1.027099609375
-0.41363525390625
-1.29681396484375
-0.35699462890625
-0.26568603515625
-0.37432861328125
0.20587158203125
0.8966064453125
-0.44287109375
-0.6533203125
-0.16070556640625
0.0213623046875
0.54736328125
-0.1123046875
-0.22845458984375
-0.4873046875
0.34844970703125
0.279296875
-0.02655029296875
-0.013671875
-0.115478515625
0.603271484375
0.48858642578125
-0.246826171875
-0.1484375
0.3956298828125
-1.384765625
0.0274658203125
0.329345703125
-1.13446044921875
-0.40509033203125
-0.69989013671875
0.03936767578125
1.22607421875
-1.4073486328125
-0.006591796875
0.69775390625
-0.1033935546875
-0.0914306640625
0.1953125
-0.52532958984375
-0.770751953125
-0.73553466796875
-0.97796630859375
0.08197021484375
0.73992919921875
0.59576416015625
-0.3966064453125
-0.928955078125
-0.6229248046875
-0.31292724609375
-0.3831787109375
-0.491455078125
-0.584716796875
0.2152099609375
0.31182861328125
-0.32025146484375
-0.39752197265625
-1.10125732421875
0.25750732421875
-0.100830078125
0.4525146484375
-0.03826904296875
-0.75244140625
-0.4056396484375
-0.38214111328125
0.02001953125
0.17095947265625
0.1064453125
0.04718017578125
-0.18231201171875
0.43402099609375
-0.46563720703125
-0.51800537109375
-0.26763916015625
0.224853515625
0.1468505859375
0.04962158203125
0.18682861328125
-0.5911865234375
0.382080078125
-0.30450439453125
-0.84832763671875
-0.459228515625
0.29071044921875
-0.2567138671875
-0.052978515625
0.18206787109375
-0.28790283203125
-0.236328125
-0.4334716796875
-0.514404296875
-0.20416259765625
-0.21282958984375
-0.09674072265625
0.41766357421875
0.34686279296875
-0.5048828125
-0.55975341796875
-0.3890380859375
-0.213134765625
-0.274169921875
0.1842041015625
0.3184814453125
-0.19598388671875
-0.93243408203125
0.057373046875
0.31256103515625
-0.071533203125
-0.4666748046875
0.07696533203125
0.07269287109375
0.16033935546875
0.13446044921875
-0.503173828125
0.231201171875
-0.2747802734375
-0.124755859375
-0.19207763671875
-0.8819580078125
0.607666015625
0.04461669921875
-0.02545166015625
-0.2967529296875
0.23773193359375
-0.461669921875
-0.06463623046875
-0.5318603515625
-0.3253173828125
0.01220703125
-0.0389404296875
-0.0740966796875
-0.01287841796875
0.20269775390625
-0.63482666015625
0.5938720703125
-0.55389404296875
-0.33758544921875
0.7103271484375
0.1583251953125
0.560791015625
-0.27508544921875
0.3114013671875
-0.556640625
-0.21124267578125
-0.2430419921875
-0.83013916015625
-0.5858154296875
-0.37664794921875
-0.00506591796875
-0.4556884765625
-0.46209716796875
-0.0155029296875
0.04156494140625
-0.4822998046875
0.0616455078125
-0.126708984375
-0.48590087890625
-0.05078125
-0.30078125
-0.54046630859375
-1.16326904296875
-0.88226318359375
-0.31781005859375
-0.5269775390625
0.16217041015625
0.32525634765625
-0.062744140625
-0.4239501953125
0.14471435546875
-0.4739990234375
-0.64666748046875
0.180908203125
0.25823974609375
0.06427001953125
0.19427490234375
-0.47113037109375
0.36334228515625
-0.38232421875
-0.08868408203125
0.04248046875
0.540283203125
-1.0111083984375
-0.87005615234375
-0.56658935546875
-0.3773193359375
0.78668212890625
0.41815185546875
-0.0838623046875
-0.3780517578125
-0.01617431640625
-0.89703369140625
0.62066650390625
-0.3172607421875
-0.62384033203125
1.300048828125
1.12786865234375
-0.58966064453125
-0.296630859375
-2.1129150390625
-1.87176513671875
0.1749267578125
-0.97509765625
-0.58111572265625
-0.03338623046875
-0.0328369140625
0.5452880859375
0.38507080078125
-1.32086181640625
-0.515869140625
0.578857421875
-0.364013671875
-0.1376953125
-0.54730224609375
-0.22308349609375
-0.771240234375
-0.87530517578125
0.5750732421875
0.00341796875
0.056640625
0.1429443359375
-0.53582763671875
-1.267333984375
0.38446044921875
-0.089111328125
0.36297607421875
-0.19927978515625
-0.95098876953125
-0.11468505859375
0.477783203125
0.7578125
0.1993408203125
-0.541015625
-0.121337890625
-0.11749267578125
-0.61663818359375
0.3428955078125
-0.19305419921875
-0.0269775390625
0.73712158203125
0.234375
-0.06597900390625
0.384765625
-0.12286376953125
-0.4749755859375
0.17706298828125
-0.2701416015625
-0.2598876953125
0.507080078125
0.20062255859375
0.61773681640625
-0.01361083984375
-0.15936279296875
-0.0172119140625
-0.04736328125
-0.04241943359375
-0.1893310546875
0.2562255859375
-0.21649169921875
-0.0562744140625
-0.635498046875
-0.17889404296875
0.0009765625
0.44146728515625
-0.22406005859375
-0.0960693359375
0.28271484375
-0.44293212890625
-0.446533203125
0.10980224609375
-0.09503173828125
-0.181396484375
-0.00592041015625
-0.2847900390625
-0.11224365234375
-0.0379638671875
-0.1580810546875
-0.70062255859375
-0.0760498046875
-0.49755859375
-0.763916015625
-0.30902099609375
0.5418701171875
-0.6822509765625
0.26995849609375
-0.0062255859375
-0.047119140625
0.33740234375
0.02545166015625
-0.72991943359375
0.51519775390625
0.042724609375
0.00897216796875
0.77386474609375
-0.305419921875
0.07672119140625
0.15826416015625
-0.060302734375
0.00799560546875
-0.08648681640625
-0.3602294921875
0.92901611328125
0.16632080078125
0.264404296875
0.15020751953125
-0.65087890625
0.52264404296875
0.09747314453125
-0.3939208984375
0.04608154296875
-0.50592041015625
0.20660400390625
-0.009521484375
0.68218994140625
-0.829833984375
0.76544189453125
-0.11041259765625
-0.420654296875
-0.09075927734375
-0.49420166015625
0.6556396484375
0.5540771484375
-0.697998046875
-0.27606201171875
0.8126220703125
-0.546142578125
0.09661865234375
0.09307861328125
-0.1632080078125
0.09326171875
-0.80059814453125
-0.154052734375
-0.03948974609375
0.40087890625
-0.3289794921875
-0.39422607421875
0.04986572265625
-0.176025390625
-0.43798828125
-0.37091064453125
0.4820556640625
0.03277587890625
-0.332275390625
-0.0732421875
-0.0125732421875
-0.45172119140625
0.3795166015625
-0.182373046875
-0.35595703125
-0.7891845703125
-0.77484130859375
0.63812255859375
0.0078125
-0.21783447265625
-0.27191162109375
0.99932861328125
-0.16510009765625
-0.8001708984375
-0.4571533203125
0.12506103515625
0.4197998046875
-0.1365966796875
0.0098876953125
0.2796630859375
0.35455322265625
0.014404296875
-0.3111572265625
0.4891357421875
-0.779052734375
0.2332763671875
0.0511474609375
0.324462890625
0.101318359375
-1.47332763671875
-0.1749267578125
-0.06866455078125
0.2216796875
0.32525634765625
0.8165283203125
-0.21258544921875
0.80157470703125
0.656494140625
-0.5220947265625
-0.20233154296875
0.0279541015625
-0.25714111328125
0.01837158203125
-0.14361572265625
-0.1192626953125
-0.105224609375
-1.03338623046875
0.9493408203125
0.32763671875
-0.3214111328125
-0.09783935546875
-0.0877685546875
-0.011962890625
0.161865234375
0.82073974609375
0.2889404296875
0.051513671875
-0.627685546875
-0.9976806640625
0.1910400390625
-0.5084228515625
-1.06353759765625
0.0244140625
-0.09735107421875
0.31817626953125
-0.300048828125
-0.92376708984375
0.3251953125
0.16119384765625
-0.67706298828125
0.7991943359375
-0.64642333984375
-0.0023193359375
0.36798095703125
-0.47705078125
-0.0068359375
0.10723876953125
0.1026611328125
0.30181884765625
0.03363037109375
1.01837158203125
-0.54541015625
-0.58203125
-0.70904541015625
-0.27099609375
-1.03338623046875
-0.03106689453125
-0.1761474609375
-0.3892822265625
-0.37738037109375
-0.3018798828125
-0.04656982421875
0.0224609375
-0.3780517578125
-0.89599609375
-0.202880859375
0.14141845703125
-0.302490234375
-0.25201416015625
-0.44708251953125
0.19775390625
-0.47601318359375
-0.6268310546875
-0.0301513671875
-0.18450927734375
-0.612060546875
0.24285888671875
0.62420654296875
0.09619140625
-0.287109375
-0.44927978515625
0.60406494140625
-0.217041015625
0.55169677734375
-0.23492431640625
-0.50244140625
-0.1861572265625
0.07305908203125
-0.27734375
-0.03558349609375
0.36871337890625
-0.26275634765625
-0.5096435546875
-0.39739990234375
-0.51849365234375
-0.242431640625
-0.89874267578125
0.96966552734375
0.5460205078125
-0.0758056640625
0.029541015625
0.0242919921875
0.60723876953125
0.34796142578125
-0.0992431640625
-0.43756103515625
0.779052734375
-0.322509765625
-0.347412109375
-0.33050537109375
-0.8128662109375
-0.12261962890625
-0.1229248046875
-0.2843017578125
0.44744873046875
0.68865966796875
-0.206787109375
0.033935546875
-0.4049072265625
-0.09088134765625
-0.62322998046875
-0.086181640625
-0.357421875
-0.35809326171875
-0.61883544921875
-0.36376953125
0.26092529296875
0.16558837890625
-0.35858154296875
0.25860595703125
0.37750244140625
0.462890625
-0.369873046875
0.3843994140625
0.3494873046875
-0.18060302734375
-0.0755615234375
-0.3470458984375
-0.3143310546875
-0.51776123046875
-1.08892822265625
-0.2784423828125
-0.14508056640625
-0.4981689453125
0.34527587890625
-0.10345458984375
0.672119140625
-0.13751220703125
0.0672607421875
-0.79620361328125
0.54998779296875
-0.20770263671875
-0.24267578125
-0.15386962890625
-0.5657958984375
-0.62005615234375
-0.60272216796875
0.1937255859375
0.81298828125
0.56134033203125
-0.22564697265625
0.43603515625
0.11590576171875
-0.027587890625
0.2130126953125
-0.43695068359375
-0.16278076171875
0.1162109375
0.7489013671875
-0.0538330078125
-0.44281005859375
-0.06463623046875
-0.56951904296875
0.1566162109375
0.24713134765625
-0.3597412109375
0.01055908203125
-0.443603515625
0.29388427734375
-0.07366943359375
-1.85772705078125
0.6220703125
-0.2496337890625
0.3282470703125
1.41033935546875
-0.92230224609375
0.3603515625
-0.57879638671875
-1.380859375
-0.57952880859375
0.40960693359375
0.86944580078125
0.6746826171875
-0.1380615234375
-0.9232177734375
-0.25201416015625
-0.5897216796875
0.3253173828125
0.29534912109375
-0.16912841796875
0.42828369140625
0.79010009765625
0.15582275390625
-0.58270263671875
-0.76318359375
-0.30792236328125
1.2315673828125
-0.2747802734375
-0.72314453125
-0.16485595703125
-0.18267822265625
1.3421630859375
0.09552001953125
-0.58270263671875
0.0704345703125
-0.29461669921875
-0.360107421875
-0.03472900390625
-0.06292724609375
0.320556640625
0.21038818359375
0.58984375
-0.31500244140625
0.474609375
-0.2896728515625
0.1051025390625
-0.17803955078125
-0.14459228515625
-0.2606201171875
-0.574462890625
-0.135986328125
-0.08819580078125
0.03717041015625
0.00604248046875
-0.73651123046875
-0.1748046875
-0.02801513671875
0.36309814453125
-0.521240234375
-0.2861328125
0.113037109375
-0.40399169921875
0.0867919921875
0.425537109375
0.02197265625
-0.0382080078125
0.11407470703125
0.0791015625
-0.30072021484375
0.20166015625
-0.13726806640625
-0.18212890625
0.03759765625
-0.2008056640625
0.1351318359375
0.1385498046875
-0.78472900390625
0.282958984375
0.514892578125
-0.08355712890625
-0.35943603515625
-0.413330078125
-0.03759765625
0.44525146484375
-0.11871337890625
-0.17279052734375
-0.10174560546875
-0.24444580078125
0.03948974609375
-1.23089599609375
0.39117431640625
0.2091064453125
0.32281494140625
0.35675048828125
-0.2476806640625
-0.0618896484375
-0.31103515625
0.142822265625
0.0430908203125
-0.14764404296875
-0.48883056640625
-0.602783203125
0.13739013671875
0.3192138671875
-0.48046875
0.3087158203125
0.46807861328125
0.53521728515625
-0.23046875
0.0926513671875
-0.26611328125
0.16650390625
-0.16998291015625
-0.05322265625
0.10089111328125
-0.51055908203125
0.033447265625
0.490234375
-0.1630859375
-0.826171875
0.55340576171875
0.17413330078125
0.0433349609375
0.1544189453125
0.3154296875
-0.76092529296875
0.40924072265625
0.19366455078125
-0.34271240234375
-0.17559814453125
0.38824462890625
-0.65338134765625
-0.43902587890625
-0.51226806640625
0.02862548828125
-0.510986328125
0.0498046875
-0.30712890625
0.318603515625
0.06158447265625
0.11444091796875
-1.04541015625
-1.428466796875
-0.43701171875
-0.16766357421875
-0.12225341796875
0.1439208984375
0.20941162109375
-0.11798095703125
-1.56610107421875
-0.40960693359375
-0.2225341796875
0.432373046875
0.3690185546875
0.42608642578125
0.287353515625
0.40069580078125
-0.19488525390625
-0.08563232421875
-0.72772216796875
-1.16363525390625
-0.639404296875
0.53692626953125
0.4781494140625
0.40130615234375
-1.82489013671875
-1.53509521484375
0.43487548828125
-0.82049560546875
-0.17181396484375
-0.817626953125
-0.45306396484375
0.8470458984375
0.701416015625
-0.05419921875
0.8035888671875
-0.3194580078125
-0.54461669921875
-0.1051025390625
0.547607421875
0.38262939453125
-0.60906982421875
0.31378173828125
0.32623291015625
-0.1021728515625
0.4742431640625
-0.15606689453125
-0.37530517578125
-0.4356689453125
0.5313720703125
-0.02838134765625
-1.73095703125
-0.2509765625
0.3963623046875
0.15826416015625
0.86566162109375
0.20721435546875
-0.22021484375
0.3443603515625
-0.574951171875
-0.55731201171875
-0.32940673828125
-0.41796875
-0.59033203125
0.62823486328125
-0.156005859375
0.18536376953125
0.00982666015625
-0.28338623046875
-0.1197509765625
-0.37908935546875
0.308837890625
-0.1373291015625
-0.0120849609375
-0.25238037109375
-0.4559326171875
-0.24847412109375
-0.30517578125
-0.3494873046875
-0.62322998046875
0.22479248046875
-0.69024658203125
0.1246337890625
-0.3824462890625
-0.28228759765625
-0.21881103515625
-0.48748779296875
0.22161865234375
-0.1448974609375
-0.0228271484375
-0.242431640625
-0.35650634765625
0.4410400390625
-0.21014404296875
-0.1722412109375
-0.64581298828125
0.4290771484375
0.00164794921875
0.02947998046875
1.133544921875
-0.08599853515625
0.03533935546875
0.9757080078125
-0.7332763671875
-0.61297607421875
-0.33978271484375
0.00201416015625
-0.4281005859375
-0.67828369140625
0.12335205078125
0.19989013671875
-0.1083984375
-0.9093017578125
-0.06048583984375
-0.4627685546875
-0.213623046875
-0.62109375
-0.702880859375
-0.17919921875
-0.2750244140625
-0.39544677734375
-0.0345458984375
-0.11090087890625
0.31146240234375
0.05865478515625
-0.3197021484375
0.19580078125
-0.5823974609375
-0.26025390625
-0.35919189453125
0.4134521484375
-0.1943359375
-0.35858154296875
-0.27252197265625
0.181640625
0.11260986328125
-0.4107666015625
0.32666015625
0.12322998046875
0.12109375
-0.7996826171875
0.61114501953125
-0.70367431640625
0.01025390625
0.3323974609375
0.46856689453125
-0.242919921875
-0.078369140625
0.11248779296875
0.08154296875
-0.01971435546875
-0.39276123046875
-0.82989501953125
0.13629150390625
-0.16534423828125
-0.42535400390625
0.2596435546875
0.506103515625
0.4190673828125
0.2303466796875
0.0
-0.0740966796875
0.185791015625
0.15899658203125
-0.01025390625
-0.155517578125
0.5665283203125
0.00146484375
0.6187744140625
0.181640625
-0.52783203125
-0.02899169921875
-0.199462890625
0.861083984375
0.80218505859375
-0.1156005859375
-0.92626953125
-0.659423828125
0.269287109375
0.2452392578125
0.27301025390625
0.3245849609375
-0.8572998046875
-0.5732421875
-1.397705078125
-0.0521240234375
0.37481689453125
0.13970947265625
-0.9202880859375
-0.7349853515625
1.4002685546875
-0.25811767578125
-0.38623046875
0.13916015625
-0.59893798828125
0.388671875
0.44244384765625
0.07867431640625
0.5660400390625
-1.15838623046875
-0.85137939453125
-0.14666748046875
-0.18658447265625
-0.55157470703125
-0.31475830078125
-0.08673095703125
0.7742919921875
0.6951904296875
-0.935302734375
0.12469482421875
0.74237060546875
0.16180419921875
0.53436279296875
-0.64764404296875
-0.61328125
0.03692626953125
-0.52752685546875
-0.6031494140625
0.53790283203125
-0.22021484375
-0.55926513671875
-0.15338134765625
-1.1868896484375
-0.02801513671875
-0.39373779296875
-0.65875244140625
-0.05743408203125
0.48150634765625
-0.6878662109375
0.71905517578125
1.2537841796875
-1.04718017578125
-0.48687744140625
0.04150390625
-0.00836181640625
-0.05682373046875
-0.044677734375
-0.2691650390625
-0.24847412109375
-0.24102783203125
0.03790283203125
-0.39263916015625
0.19317626953125
-0.0396728515625
-0.86859130859375
-0.55340576171875
-0.42156982421875
0.71697998046875
0.35479736328125
0.2398681640625
-0.26263427734375
-0.1619873046875
0.044677734375
0.95269775390625
0.51055908203125
0.03155517578125
-0.591796875
-0.386474609375
0.24237060546875
-0.2899169921875
0.02703857421875
-0.0343017578125
0.163818359375
-0.207763671875
-0.10296630859375
-0.2296142578125
-0.50653076171875
0.36163330078125
0.0089111328125
0.48590087890625
-0.42352294921875
0.0003662109375
0.26385498046875
-0.81884765625
0.44879150390625
-0.58984375
0.098876953125
0.113037109375
-0.77606201171875
0.0042724609375
0.0135498046875
-0.21014404296875
0.0498046875
-0.49810791015625
-0.5556640625
-0.51416015625
0.440673828125
0.492919921875
-0.361083984375
-0.07501220703125
-0.21624755859375
0.3291015625
-0.08563232421875
0.17193603515625
-0.071533203125
-0.00201416015625
0.126220703125
0.15283203125
0.13055419921875
-0.37835693359375
0.01348876953125
-0.6968994140625
-0.32464599609375
0.1431884765625
-0.474609375
-0.47802734375
-0.261474609375
0.00091552734375
-0.615478515625
-0.6307373046875
-0.30615234375
0.489990234375
-0.1661376953125
-0.50994873046875
-0.10577392578125
0.0260009765625
-0.3468017578125
-0.21905517578125
-1.581298828125
-1.314453125
-0.00909423828125
-0.3868408203125
-0.6800537109375
-0.5045166015625
-0.11773681640625
-0.17706298828125
0.02777099609375
0.4923095703125
-0.46124267578125
0.11114501953125
-0.20819091796875
0.50341796875
-0.4669189453125
-0.3665771484375
-0.39447021484375
-0.06353759765625
-0.19195556640625
-0.29241943359375
0.6397705078125
-0.25970458984375
0.60723876953125
-0.43902587890625
0.0189208984375
-0.38092041015625
-0.61785888671875
-0.10711669921875
0.58349609375
-0.2005615234375
0.42633056640625
-0.14404296875
-0.71026611328125
0.27410888671875
-0.59417724609375
-0.169921875
-0.49615478515625
-0.4632568359375
-0.70001220703125
-0.45196533203125
0.0172119140625
0.53411865234375
-0.06634521484375
-0.29705810546875
-0.51373291015625
0.331787109375
0.43927001953125
-0.3514404296875
-1.17486572265625
-0.544189453125
-0.01715087890625
-0.23944091796875
0.59161376953125
-0.18524169921875
-0.2493896484375
-0.6826171875
-0.9002685546875
1.3985595703125
0.51373291015625
-0.6156005859375
-0.13330078125
0.40185546875
0.4505615234375
-0.43829345703125
-0.360595703125
0.562744140625
0.042724609375
0.06378173828125
-0.474853515625
0.275146484375
-0.36688232421875
-0.6285400390625
0.0439453125
0.2772216796875
1.04656982421875
0.0096435546875
-0.41461181640625
-0.93267822265625
-0.52685546875
-0.47930908203125
0.266357421875
0.08746337890625
-0.77386474609375
-0.07427978515625
0.908203125
0.3739013671875
-0.35467529296875
-1.2176513671875
0.1187744140625
-0.02130126953125
-0.37103271484375
0.38232421875
-0.7713623046875
-0.24993896484375
-0.3026123046875
0.012451171875
0.55908203125
-0.5572509765625
-0.32037353515625
-0.4019775390625
-0.41180419921875
-0.12164306640625
0.08349609375
-0.629638671875
-0.8543701171875
0.29241943359375
-0.22283935546875
-0.458984375
-0.098388671875
0.17724609375
-0.224853515625
-0.69818115234375
-0.4005126953125
0.09259033203125
0.1490478515625
-0.71990966796875
0.01220703125
0.85845947265625
-0.25384521484375
-0.0362548828125
-0.455322265625
-0.0477294921875
0.5123291015625
0.12811279296875
0.00457763671875
0.0447998046875
0.24517822265625
-0.1466064453125
0.1473388671875
-0.3541259765625
-0.5230712890625
0.296630859375
0.630615234375
-0.131591796875
-0.2781982421875
-0.42462158203125
-0.18096923828125
-0.2779541015625
-0.243408203125
0.10919189453125
0.0301513671875
-0.075927734375
0.36309814453125
0.06768798828125
-0.58355712890625
0.12957763671875
-0.83489990234375
0.2974853515625
-0.48284912109375
-0.07568359375
0.2835693359375
0.2215576171875
-0.663330078125
-0.44091796875
0.4552001953125
-0.66741943359375
0.458740234375
0.204345703125
-0.5562744140625
-0.071533203125
-0.010498046875
-0.14349365234375
-0.1309814453125
-0.42779541015625
-0.82696533203125
-0.0166015625
-0.212646484375
-0.79296875
-0.40887451171875
-0.9537353515625
-0.06719970703125
0.2510986328125
-0.310791015625
-0.3338623046875
-0.31689453125
-0.041259765625
0.17767333984375
-0.18304443359375
0.22705078125
0.06427001953125
-0.10565185546875
-0.7557373046875
0.6207275390625
-0.63690185546875
-0.2479248046875
0.0579833984375
0.47247314453125
0.40264892578125
0.58514404296875
0.1712646484375
-0.24761962890625
0.1458740234375
-0.64337158203125
0.2098388671875
0.684326171875
-0.74493408203125
-0.74822998046875
-0.278076171875
-0.35028076171875
0.68572998046875
0.4547119140625
0.506591796875
-0.1888427734375
0.2159423828125
0.20709228515625
-0.1131591796875
-0.78985595703125
0.036865234375
0.85113525390625
-0.5577392578125
-0.73626708984375
-0.9554443359375
0.2841796875
-0.22735595703125
0.5809326171875
0.65185546875
-0.25628662109375
-0.3238525390625
-0.04754638671875
0.1807861328125
-0.00689697265625
-0.76654052734375
-0.0113525390625
-0.33319091796875
0.3507080078125
0.266845703125
-0.72723388671875
-0.11663818359375
0.76702880859375
0.21087646484375
0.17706298828125
0.22491455078125
-0.49267578125
0.212158203125
-0.50579833984375
-0.064453125
0.55999755859375
-0.359375
0.2603759765625
0.215087890625
-0.69989013671875
0.13043212890625
0.13153076171875
-1.12725830078125
0.36376953125
-0.7928466796875
-0.3577880859375
-0.00360107421875
-0.33404541015625
-1.0322265625
-0.09979248046875
-0.0447998046875
0.14599609375
-0.7752685546875
-0.973388671875
0.043212890625
0.6954345703125
0.1842041015625
-0.58837890625
-0.0538330078125
-0.98541259765625
0.34893798828125
-0.524169921875
-0.89154052734375
-0.64154052734375
-0.27703857421875
-0.1158447265625
0.0146484375
-0.96380615234375
0.06182861328125
-1.11151123046875
-0.45635986328125
0.2518310546875
-0.35113525390625
-0.0133056640625
-0.0167236328125
0.3829345703125
0.417724609375
-0.09228515625
-0.72479248046875
-0.32086181640625
-0.1236572265625
-0.67584228515625
0.11834716796875
1.02642822265625
-0.706787109375
-0.86749267578125
0.08099365234375
0.48834228515625
0.2344970703125
-0.05084228515625
0.4786376953125
-0.283203125
0.1070556640625
-0.67352294921875
0.22113037109375
-0.70098876953125
-0.6075439453125
-0.49725341796875
0.37530517578125
-0.55877685546875
-0.83026123046875
0.44573974609375
-0.10198974609375
-1.02734375
0.26214599609375
0.53082275390625
0.3681640625
-0.18182373046875
-0.1473388671875
-0.20343017578125
0.01263427734375
0.4114990234375
0.51190185546875
0.131103515625
0.4501953125
-0.56524658203125
-0.34649658203125
-0.22930908203125
0.0792236328125
-0.54522705078125
-0.49127197265625
-0.15130615234375
-0.235107421875
0.3035888671875
-0.79827880859375
0.11468505859375
0.02166748046875
0.19232177734375
-0.51800537109375
-0.6800537109375
0.53558349609375
-0.04681396484375
-0.246337890625
-0.27764892578125
0.60650634765625
0.253173828125
-0.2115478515625
-0.51116943359375
-0.26275634765625
0.22900390625
0.3074951171875
0.22039794921875
-0.0140380859375
-0.49652099609375
0.30316162109375
-0.23590087890625
-0.293212890625
-0.103759765625
0.31640625
-0.277099609375
-0.2108154296875
0.079833984375
-0.7117919921875
0.073974609375
-0.018798828125
-0.330322265625
0.20220947265625
-0.3380126953125
-0.10626220703125
0.10443115234375
-0.3753662109375
-0.1005859375
-0.66546630859375
-0.19915771484375
-0.0574951171875
-0.64703369140625
-0.31121826171875
0.2047119140625
0.3885498046875
0.27288818359375
-0.77288818359375
-0.26629638671875
0.40570068359375
-0.22515869140625
-0.17620849609375
0.3355712890625
-0.34210205078125
-1.10919189453125
0.26458740234375
-0.2196044921875
0.25347900390625
0.44940185546875
0.51397705078125
-0.325439453125
-0.2760009765625
-1.09716796875
0.2137451171875
0.683349609375
0.1514892578125
-0.1104736328125
-0.0355224609375
-0.255126953125
-0.40325927734375
-0.1800537109375
-0.22247314453125
0.19720458984375
1.085693359375
-0.14068603515625
0.4373779296875
0.20819091796875
-0.40203857421875
-0.81854248046875
-0.1507568359375
-0.18218994140625
0.85052490234375
-0.33416748046875
-0.134765625
0.964111328125
0.46527099609375
-0.96697998046875
0.11456298828125
0.09381103515625
-0.423583984375
0.93878173828125
-0.72113037109375
-0.2685546875
-0.09759521484375
-0.15557861328125
0.89251708984375
0.2843017578125
0.0869140625
-0.49005126953125
-0.2916259765625
-0.4332275390625
0.537109375
-0.196533203125
-1.16259765625
-0.13165283203125
0.29766845703125
-0.20257568359375
1.2813720703125
-0.04254150390625
-0.46624755859375
-0.6588134765625
-0.69708251953125
0.53448486328125
0.1705322265625
-0.60162353515625
0.17498779296875
-0.03179931640625
0.21075439453125
0.783935546875
-0.064453125
-1.1300048828125
0.478759765625
-0.314453125
-0.003662109375
0.30816650390625
-0.47357177734375
-0.03045654296875
-0.038330078125
-0.15777587890625
-0.2442626953125
0.1480712890625
-0.68255615234375
0.3026123046875
0.60009765625
-0.5804443359375
0.06280517578125
0.72900390625
0.20989990234375
-0.69207763671875
-0.60357666015625
0.378662109375
-0.26312255859375
-0.38885498046875
0.01092529296875
-0.15277099609375
-0.58013916015625
0.02288818359375
-0.2161865234375
-0.00018310546875
-0.21417236328125
0.101318359375
0.402587890625
0.13397216796875
-0.149658203125
0.51806640625
-0.0660400390625
-0.61468505859375
-0.500732421875
-0.43603515625
0.0576171875
0.09136962890625
-0.4542236328125
-0.1522216796875
-0.0458984375
0.13909912109375
0.01239013671875
-0.00390625
-0.30523681640625
0.07769775390625
0.04156494140625
-0.5850830078125
-0.33966064453125
0.36273193359375
-0.4619140625
0.6275634765625
0.11761474609375
-0.0699462890625
0.12969970703125
-0.356689453125
0.72705078125
0.92291259765625
-0.59832763671875
-0.43035888671875
0.11102294921875
0.41253662109375
0.38079833984375
-0.067626953125
0.10528564453125
-0.29705810546875
0.5699462890625
-0.6151123046875
-0.4803466796875
0.11962890625
-0.087890625
-0.1522216796875
0.1114501953125
-0.613525390625
-0.10723876953125
0.4256591796875
0.00616455078125
-0.1820068359375
-0.77374267578125
0.091552734375
0.6324462890625
0.180419921875
0.08160400390625
0.22698974609375
-0.20196533203125
-0.67724609375
-0.542724609375
0.14849853515625
-0.64129638671875
-0.38031005859375
-0.00433349609375
-0.3826904296875
-0.79931640625
-0.0970458984375
-0.16107177734375
-0.146484375
-0.33258056640625
-0.858642578125
-0.90338134765625
-0.02886962890625
-0.226318359375
0.5379638671875
0.54559326171875
-0.56805419921875
-0.476318359375
0.39483642578125
-0.08050537109375
0.48895263671875
-0.1927490234375
-0.59234619140625
-0.594970703125
-0.4813232421875
-0.63775634765625
0.0596923828125
0.8084716796875
0.58941650390625
-0.0452880859375
-0.33612060546875
0.2947998046875
0.14410400390625
-0.88165283203125
0.23236083984375
0.22027587890625
0.50921630859375
-0.6365966796875
0.3056640625
0.19879150390625
-1.48028564453125
-0.42266845703125
0.7913818359375
-0.23602294921875
-0.447021484375
-0.45135498046875
0.263916015625
0.87603759765625
-0.7899169921875
-1.149169921875
-0.15997314453125
-0.93450927734375
-0.57427978515625
0.5672607421875
-0.16229248046875
-0.46533203125
0.30889892578125
-1.1678466796875
-0.246826171875
0.6651611328125
0.2618408203125
0.5577392578125
-0.64630126953125
-0.647705078125
-0.14947509765625
-0.2464599609375
0.21759033203125
0.19476318359375
-0.78826904296875
-0.24444580078125
0.98779296875
-0.04925537109375
-1.04266357421875
-0.64483642578125
-0.1409912109375
0.39337158203125
0.1163330078125
-0.073974609375
-0.14642333984375
0.275146484375
0.02984619140625
0.34710693359375
0.51470947265625
-0.22918701171875
-0.136962890625
-0.16754150390625
-0.2115478515625
0.427490234375
-0.59893798828125
-0.26678466796875
-0.48211669921875
0.48284912109375
-0.02764892578125
-0.60015869140625
0.12347412109375
-0.01702880859375
0.15521240234375
0.23992919921875
0.589111328125
0.5054931640625
-0.45086669921875
-0.1885986328125
-0.43572998046875
-0.1856689453125
0.43609619140625
-0.03125
-0.72955322265625
0.4840087890625
-0.47552490234375
0.0535888671875
-0.28900146484375
-0.84307861328125
0.2188720703125
-0.34307861328125
-0.62164306640625
-0.38568115234375
-0.45172119140625
-0.25433349609375
-0.2574462890625
-0.04974365234375
0.193603515625
0.35906982421875
-0.01483154296875
0.15838623046875
-0.22637939453125
-0.54864501953125
-0.0626220703125
-0.30792236328125
-0.063720703125
0.1212158203125
-0.16668701171875
-0.2471923828125
0.11572265625
-0.28399658203125
-0.168212890625
-0.85357666015625
-0.46539306640625
0.5028076171875
-0.35809326171875
0.12017822265625
-0.33441162109375
-0.510498046875
-0.58343505859375
-0.5638427734375
-0.109375
-0.45391845703125
-0.6240234375
0.696044921875
0.30096435546875
0.15875244140625
0.245849609375
-0.76031494140625
-0.68890380859375
-0.6697998046875
-0.292724609375
-0.37493896484375
0.594970703125
0.75531005859375
0.44091796875
-0.02294921875
0.0582275390625
-0.4384765625
-0.685546875
-0.20770263671875
-0.20184326171875
-0.0504150390625
-0.385986328125
-0.01416015625
-0.2076416015625
-0.11785888671875
-0.10894775390625
-0.31396484375
-0.05926513671875
-0.50823974609375
-0.50384521484375
0.67431640625
-0.34619140625
-0.1820068359375
-0.7333984375
0.053466796875
0.1160888671875
-0.68243408203125
-0.11334228515625
0.2381591796875
-0.13299560546875
-0.20318603515625
0.23675537109375
0.2789306640625
0.2227783203125
-0.3875732421875
-0.88861083984375
-0.79833984375
-1.27728271484375
0.10992431640625
1.0772705078125
-0.75775146484375
-1.44879150390625
-0.2852783203125
0.32537841796875
-0.19281005859375
0.33990478515625
-0.3245849609375
-0.14508056640625
0.3690185546875
0.36688232421875
-0.5185546875
-0.66619873046875
-1.07861328125
0.189208984375
-0.0108642578125
0.07696533203125
0.3463134765625
-0.68548583984375
-0.3648681640625
0.1328125
0.3724365234375
-0.4649658203125
-0.82366943359375
0.30975341796875
-0.03875732421875
-0.90533447265625
-0.39801025390625
0.03057861328125
-0.17333984375
0.50482177734375
0.86572265625
-0.38116455078125
-0.18096923828125
-0.35284423828125
-0.2783203125
-0.736572265625
-0.30853271484375
-0.23291015625
0.56396484375
-0.549072265625
-0.7325439453125
-0.25018310546875
-0.56134033203125
-0.25372314453125
0.06005859375
-0.81201171875
-0.46588134765625
0.393798828125
0.032470703125
0.40753173828125
-0.6561279296875
-0.9327392578125
-0.09130859375
-0.07818603515625
-0.34661865234375
-0.20904541015625
-0.39251708984375
0.2568359375
0.3533935546875
-0.20355224609375
-0.19268798828125
0.18511962890625
-0.7197265625
-0.02117919921875
-0.3475341796875
-0.07037353515625
-0.08721923828125
-0.10601806640625
-0.25537109375
-0.43621826171875
-0.626708984375
-0.26324462890625
-0.42315673828125
0.13787841796875
-0.11322021484375
-0.78546142578125
0.30718994140625
-0.02886962890625
-0.38983154296875
-0.82904052734375
-0.3455810546875
-0.49530029296875
-0.01385498046875
0.23345947265625
-0.69061279296875
-0.41192626953125
-0.65753173828125
-0.33526611328125
-0.308349609375
-0.33404541015625
-0.4420166015625
0.53790283203125
0.0008544921875
-0.1292724609375
-0.19451904296875
0.147216796875
0.55145263671875
-0.4302978515625
-0.295654296875
-0.2935791015625
-0.4246826171875
0.2950439453125
-1.1131591796875
-0.3416748046875
0.14764404296875
0.2803955078125
-0.19281005859375
0.03961181640625
-0.43994140625
0.58544921875
-0.0794677734375
-0.4266357421875
0.080322265625
0.37841796875
-0.28521728515625
0.489013671875
-0.6192626953125
0.2447509765625
0.62646484375
0.060546875
-0.4468994140625
-0.463623046875
-0.37127685546875
0.01171875
-0.6199951171875
-0.2529296875
-0.23919677734375
0.4300537109375
-0.34100341796875
0.30706787109375
-0.25433349609375
0.07733154296875
-0.56927490234375
-0.03094482421875
-0.19622802734375
-0.42138671875
-0.16583251953125
0.0738525390625
0.03887939453125
-0.05731201171875
-0.80230712890625
0.04931640625
0.1165771484375
0.04583740234375
-0.104248046875
-1.25860595703125
-0.4276123046875
-0.75274658203125
-0.215576171875
-0.1258544921875
-0.4588623046875
0.0655517578125
-0.01568603515625
0.01580810546875
0.027099609375
0.42059326171875
-0.1080322265625
-0.6776123046875
-0.34722900390625
0.36578369140625
-0.4705810546875
-0.84552001953125
0.38348388671875
-0.7901611328125
-0.49102783203125
-0.1138916015625
0.08154296875
-0.29852294921875
-0.3394775390625
-0.66888427734375
-0.43817138671875
-0.22113037109375
0.37945556640625
1.12689208984375
-1.0042724609375
0.159423828125
-0.4434814453125
-0.14910888671875
-0.06060791015625
0.48046875
0.64190673828125
-0.8673095703125
0.20684814453125
0.4208984375
-0.91876220703125
-0.76849365234375
-0.8511962890625
0.0400390625
0.094970703125
0.8133544921875
-0.167236328125
0.75982666015625
-0.21197509765625
-1.5589599609375
0.10028076171875
-0.668212890625
0.08367919921875
-0.58087158203125
-0.146240234375
-0.103271484375
0.54437255859375
0.31634521484375
-0.324951171875
0.9664306640625
-0.16168212890625
0.06976318359375
0.6314697265625
-0.671142578125
-0.77728271484375
-0.49200439453125
-0.141357421875
0.65423583984375
1.2606201171875
-0.5284423828125
-0.8358154296875
-0.6263427734375
-0.27783203125
0.47833251953125
-0.45526123046875
-0.72796630859375
-0.15399169921875
-0.37811279296875
1.36846923828125
-0.002685546875
-1.12750244140625
-0.658447265625
-1.03143310546875
0.30859375
-0.25677490234375
-0.0794677734375
-0.673583984375
0.19757080078125
0.21539306640625
-0.0755615234375
-0.3399658203125
-0.8197021484375
-0.35760498046875
0.00872802734375
0.43109130859375
0.71044921875
0.25244140625
0.7421875
0.119140625
0.8153076171875
-0.06427001953125
-0.013916015625
-0.067626953125
-0.184814453125
0.2767333984375
0.11297607421875
0.6495361328125
0.2899169921875
-0.56671142578125
-0.024658203125
-0.14129638671875
0.1641845703125
-0.2645263671875
0.47509765625
-0.03131103515625
-0.17877197265625
0.0382080078125
-0.74700927734375
0.1473388671875
-0.35260009765625
-0.33526611328125
0.05194091796875
0.1346435546875
-0.64434814453125
-0.498046875
0.26092529296875
0.43682861328125
-0.29046630859375
-0.35430908203125
-0.4625244140625
-0.3604736328125
-0.4327392578125
-0.05853271484375
-0.24322509765625
-0.6639404296875
-0.68359375
0.03912353515625
0.21575927734375
-0.56256103515625
-0.28582763671875
-0.26617431640625
-0.22119140625
-0.13629150390625
-0.33123779296875
0.141845703125
0.97943115234375
0.36004638671875
0.800048828125
-0.13275146484375
-0.25665283203125
-0.199462890625
-0.0537109375
-0.30078125
0.12481689453125
-0.1466064453125
0.5032958984375
-0.0244140625
-0.2686767578125
0.2313232421875
0.103759765625
1.02178955078125
-0.55279541015625
-1.1480712890625
-0.417236328125
0.4862060546875
0.7130126953125
-0.00244140625
-0.1798095703125
-0.08642578125
-0.1014404296875
0.02716064453125
-0.01318359375
0.2340087890625
-0.6591796875
-0.48516845703125
0.36962890625
-0.1558837890625
-0.226806640625
0.5382080078125
0.1981201171875
-0.452392578125
0.25860595703125
-0.328369140625
0.264404296875
0.1318359375
-0.2454833984375
0.21942138671875
-0.71746826171875
-0.22686767578125
-0.1912841796875
0.2122802734375
-0.91131591796875
-0.13177490234375
-0.10662841796875
0.24951171875
0.75592041015625
0.3541259765625
0.42523193359375
-0.00885009765625
-1.11090087890625
0.24456787109375
-0.41473388671875
-0.4130859375
-0.67413330078125
-0.00360107421875
-0.30767822265625
-1.29620361328125
0.25653076171875
0.67095947265625
0.1474609375
-0.25726318359375
-0.58624267578125
0.00933837890625
-0.2396240234375
-0.42913818359375
-0.71630859375
0.12286376953125
-0.426513671875
0.77728271484375
0.3873291015625
-0.72833251953125
0.54193115234375
-1.091796875
-0.1060791015625
1.50506591796875
-1.33740234375
-1.00689697265625
0.2481689453125
-0.15020751953125
-0.69439697265625
-0.6832275390625
-0.2259521484375
-0.06280517578125
0.06414794921875
0.72186279296875
-0.60760498046875
0.03656005859375
-0.142822265625
0.02728271484375
-0.40374755859375
-0.59405517578125
0.87017822265625
1.071044921875
-1.10821533203125
-1.8460693359375
-0.7305908203125
-0.53271484375
0.4346923828125
0.3829345703125
-1.9571533203125
0.0863037109375
0.25579833984375
0.58099365234375
0.33514404296875
-1.40948486328125
-0.40777587890625
-0.39398193359375
-0.39959716796875
-0.02630615234375
-0.6507568359375
0.05743408203125
-0.267333984375
0.002685546875
-0.20947265625
0.14593505859375
-0.671875
-0.7098388671875
0.262939453125
-0.3677978515625
0.3748779296875
0.51385498046875
-0.3131103515625
-0.23236083984375
-0.10809326171875
0.13739013671875
-0.427978515625
0.39801025390625
-0.88983154296875
-0.0740966796875
0.5218505859375
-0.25738525390625
-0.1165771484375
0.10845947265625
-0.78839111328125
-0.68450927734375
0.29632568359375
-0.13812255859375
-0.45501708984375
-0.56036376953125
0.27288818359375
-0.0328369140625
-0.23211669921875
-0.3446044921875
-0.53173828125
-0.71453857421875
-0.24908447265625
0.4716796875
0.07080078125
-0.30364990234375
-0.04949951171875
0.2059326171875
-0.1343994140625
0.1146240234375
-0.3187255859375
-0.3626708984375
-0.15997314453125
0.30853271484375
-0.14483642578125
-0.889404296875
0.3248291015625
-0.1424560546875
0.4127197265625
-0.23638916015625
0.2530517578125
-0.2066650390625
-0.12640380859375
-0.37347412109375
-0.25872802734375
-0.50543212890625
0.62847900390625
-0.1669921875
0.17291259765625
0.22705078125
0.10223388671875
-0.3642578125
-0.86285400390625
-0.6534423828125
-0.01324462890625
-0.365478515625
0.6156005859375
-0.344482421875
0.08270263671875
0.20892333984375
0.18878173828125
-0.3026123046875
-0.22906494140625
-0.47613525390625
0.02691650390625
1.0042724609375
-0.62322998046875
0.6385498046875
0.5482177734375
-0.585693359375
-0.80517578125
-0.09259033203125
-0.76641845703125
0.2076416015625
-0.0858154296875
0.27789306640625
0.24371337890625
0.11651611328125
0.44586181640625
0.91558837890625
0.11834716796875
0.2939453125
0.21710205078125
-0.1868896484375
-0.19921875
-0.6304931640625
-0.333984375
-0.6793212890625
-0.76239013671875
0.1219482421875
0.237548828125
-0.179931640625
-0.50177001953125
-0.495849609375
-0.3150634765625
-0.17742919921875
-0.52105712890625
-0.81976318359375
-0.729736328125
-0.22711181640625
0.72393798828125
0.06060791015625
0.42822265625
0.11663818359375
-0.6171875
-0.6776123046875
-0.5435791015625
0.006591796875
0.8565673828125
0.71875
-0.21844482421875
0.52899169921875
0.6505126953125
0.16204833984375
-0.49896240234375
-0.30560302734375
-0.1331787109375
0.58038330078125
0.2567138671875
-1.07952880859375
0.67694091796875
-1.11517333984375
-0.36248779296875
0.695556640625
-1.1705322265625
0.304443359375
-0.10736083984375
-0.2762451171875
0.92425537109375
-0.86151123046875
-0.62420654296875
0.22357177734375
0.416015625
-0.2613525390625
0.042724609375
-0.82281494140625
-0.37451171875
-0.44171142578125
-0.5772705078125
0.04022216796875
-0.25238037109375
0.53924560546875
-0.36663818359375
-1.42596435546875
-1.08929443359375
0.01361083984375
0.492919921875
-0.72491455078125
-0.40411376953125
0.381591796875
-0.37322998046875
0.091796875
-0.18597412109375
-0.6024169921875
0.7755126953125
0.54315185546875
0.33538818359375
0.2335205078125
-0.90557861328125
0.2508544921875
0.5211181640625
-0.7008056640625
0.0037841796875
0.16070556640625
-1.3480224609375
-0.30126953125
0.28662109375
-0.65423583984375
-0.0433349609375
-0.60247802734375
0.00872802734375
-0.11651611328125
-0.48382568359375
0.3372802734375
-0.03790283203125
-0.3546142578125
-0.1707763671875
-0.35693359375
-0.54351806640625
0.4669189453125
0.01995849609375
-0.2481689453125
-0.13134765625
-0.0341796875
0.24505615234375
0.14813232421875
-0.1004638671875
-0.26507568359375
-0.54998779296875
-0.1881103515625
-0.00103759765625
-0.16339111328125
0.1451416015625
0.5164794921875
-0.4222412109375
0.4840087890625
-0.32586669921875
0.2584228515625
-0.61871337890625
-0.13409423828125
0.16192626953125
0.39544677734375
-0.8636474609375
0.23272705078125
0.438232421875
-0.74566650390625
0.01519775390625
0.14013671875
0.099609375
-0.674560546875
-0.5516357421875
-0.1849365234375
-0.39892578125
0.1484375
-0.2813720703125
-0.06524658203125
-0.65570068359375
-0.8668212890625
-0.20269775390625
0.625
-0.27764892578125
-0.4344482421875
-0.197998046875
-0.37017822265625
-0.30743408203125
-0.54986572265625
-0.23876953125
0.32965087890625
-0.50848388671875
-0.6778564453125
0.8233642578125
-0.16229248046875
-0.38116455078125
-0.18316650390625
-0.0289306640625
-0.61773681640625
-0.54693603515625
0.15234375
-0.06884765625
-0.25836181640625
0.17132568359375
-0.26690673828125
-0.58917236328125
-0.2435302734375
-0.23394775390625
0.081298828125
-0.2313232421875
0.1461181640625
-0.217529296875
0.22918701171875
-0.46466064453125
0.17803955078125
0.09912109375
0.2939453125
-0.43096923828125
0.44586181640625
-0.0606689453125
-0.97772216796875
0.05487060546875
-0.294921875
-0.53936767578125
0.1820068359375
0.2796630859375
0.32757568359375
0.20245361328125
-0.26336669921875
-0.57080078125
-0.44842529296875
0.31103515625
0.2537841796875
0.19537353515625
-0.37176513671875
-1.02349853515625
-0.443359375
0.20343017578125
0.4786376953125
-0.1175537109375
-0.37017822265625
-0.47772216796875
-1.41082763671875
-0.43365478515625
1.10443115234375
0.5460205078125
-0.091552734375
-0.22503662109375
-0.04071044921875
0.06585693359375
0.5308837890625
-0.01824951171875
-0.3839111328125
-1.2327880859375
0.143798828125
0.80133056640625
0.701416015625
0.37310791015625
-1.935546875
-0.22357177734375
-0.686767578125
-0.968017578125
-0.23175048828125
-0.79962158203125
-0.07342529296875
-0.40478515625
0.23956298828125
-0.5345458984375
0.5743408203125
0.2255859375
-1.29522705078125
-0.203125
0.37255859375
0.3154296875
-0.3458251953125
-0.9705810546875
0.09967041015625
0.081787109375
0.0673828125
0.30902099609375
0.038818359375
-0.77008056640625
-0.05364990234375
-0.22161865234375
-0.35430908203125
-0.7772216796875
-0.94635009765625
-0.56884765625
0.78472900390625
0.41375732421875
0.07708740234375
-0.588134765625
-0.11187744140625
0.176025390625
-0.16204833984375
0.121337890625
-0.5594482421875
-0.04388427734375
0.48504638671875
-0.33160400390625
0.002197265625
-0.5650634765625
-0.20184326171875
-0.8853759765625
0.3505859375
0.15814208984375
-0.53948974609375
0.408447265625
-1.24798583984375
0.04620361328125
-0.28692626953125
-0.38720703125
0.1297607421875
0.51953125
-0.21710205078125
-0.1768798828125
0.37237548828125
0.074951171875
0.12353515625
-0.33538818359375
0.29742431640625
0.06317138671875
0.113525390625
0.015625
-0.1551513671875
1.11456298828125
-0.45355224609375
0.4779052734375
-0.11810302734375
0.0299072265625
-0.05987548828125
0.17608642578125
0.50506591796875
-0.22369384765625
0.12591552734375
0.357666015625
0.62274169921875
0.39251708984375
-0.020751953125
0.14202880859375
0.128662109375
0.32513427734375
-0.4788818359375
0.117431640625
0.691162109375
-0.10772705078125
0.54058837890625
0.72821044921875
-0.2989501953125
0.24713134765625
-0.06512451171875
0.28375244140625
-0.38922119140625
-0.66619873046875
-0.2178955078125
-0.00433349609375
-0.36151123046875
-0.12835693359375
0.41375732421875
-0.53839111328125
0.4217529296875
-0.5615234375
0.1708984375
-0.151611328125
0.3692626953125
0.53082275390625
-0.4368896484375
-0.26239013671875
-0.260009765625
0.20977783203125
0.0218505859375
-0.75909423828125
0.21356201171875
0.63262939453125
-0.1964111328125
-0.20062255859375
0.487060546875
0.23504638671875
0.326171875
0.67645263671875
-0.4737548828125
-0.40313720703125
0.12542724609375
0.13372802734375
-0.43682861328125
-0.372314453125
0.2601318359375
0.03375244140625
0.10888671875
-0.4466552734375
0.28912353515625
-0.0565185546875
-0.125
-0.5362548828125
-0.17138671875
-0.16131591796875
-0.41070556640625
0.94140625
0.09564208984375
-0.2601318359375
0.16583251953125
-0.533203125
-0.09295654296875
-0.3592529296875
-0.2767333984375
-0.390869140625
-0.6624755859375
-0.27178955078125
0.28985595703125
-0.5872802734375
-0.36566162109375
0.3023681640625
-0.4853515625
-0.0364990234375
0.263671875
-0.06329345703125
-1.30950927734375
-1.37188720703125
0.532470703125
-0.03424072265625
-0.109375
-0.96630859375
-0.83447265625
0.5399169921875
-0.09539794921875
-0.460205078125
0.218505859375
-1.06341552734375
0.21453857421875
-0.34393310546875
-0.5517578125
0.23138427734375
-0.74078369140625
-1.05609130859375
0.1417236328125
-0.7469482421875
-0.61767578125
0.73028564453125
0.17303466796875
1.04376220703125
-0.79681396484375
0.02545166015625
0.0416259765625
-0.0340576171875
-0.5897216796875
-1.2655029296875
-0.110107421875
-0.34637451171875
-0.88494873046875
0.33380126953125
-0.2261962890625
0.60589599609375
1.1441650390625
-1.1202392578125
-0.4996337890625
-0.07098388671875
-0.0838623046875
0.290283203125
-1.6646728515625
-0.081298828125
0.69378662109375
-0.8275146484375
0.313720703125
-0.365478515625
-0.74176025390625
-0.4439697265625
-0.04833984375
-0.07171630859375
-0.21759033203125
-0.0570068359375
-0.04583740234375
0.23394775390625
0.02374267578125
-0.20599365234375
0.01104736328125
-0.85662841796875
-0.11285400390625
-0.27447509765625
-0.15533447265625
-0.52716064453125
0.6180419921875
0.31524658203125
0.1175537109375
0.0640869140625
-0.3907470703125
0.21087646484375
-0.61444091796875
-0.65533447265625
-0.59820556640625
-0.48681640625
0.2635498046875
-0.049560546875
-0.38726806640625
0.711669921875
0.73870849609375
-0.0029296875
0.2568359375
0.01947021484375
0.1025390625
-0.01898193359375
0.14630126953125
0.013427734375
0.14215087890625
-0.0811767578125
-0.30224609375
0.56988525390625
0.07861328125
-0.71429443359375
0.08966064453125
-0.38079833984375
-0.52349853515625
-0.72198486328125
0.1114501953125
-0.67938232421875
0.25958251953125
-0.46905517578125
-0.0545654296875
0.12164306640625
0.358642578125
0.01885986328125
0.10986328125
0.14569091796875
-0.3389892578125
-0.00439453125
0.14703369140625
-0.625
-0.496337890625
-1.05615234375
0.09930419921875
0.41094970703125
0.4527587890625
-0.20458984375
-0.09246826171875
0.301513671875
-0.232421875
-0.36505126953125
0.02178955078125
-0.26580810546875
-0.05517578125
0.29364013671875
0.14239501953125
0.46942138671875
0.03228759765625
-0.231201171875
-0.271728515625
-0.636474609375
0.37713623046875
-0.60870361328125
-0.29083251953125
-0.42962646484375
-0.100830078125
-0.38507080078125
-0.246826171875
0.06610107421875
0.2415771484375
-0.5465087890625
-0.244873046875
-0.0057373046875
-0.14776611328125
0.72650146484375
0.106689453125
-0.8551025390625
-0.096923828125
0.12933349609375
-0.21124267578125
-0.24591064453125
-1.04425048828125
-0.12713623046875
-0.13568115234375
-0.02264404296875
-0.31103515625
-0.3658447265625
0.16796875
0.22076416015625
0.129638671875
-0.1575927734375
-0.406494140625
-0.04937744140625
0.589111328125
0.78912353515625
-0.02288818359375
-0.35638427734375
-0.53240966796875
-0.39404296875
0.3956298828125
-1.19049072265625
0.18927001953125
0.56817626953125
-0.211181640625
-0.50897216796875
-0.7666015625
0.48175048828125
0.39385986328125
-0.2503662109375
-0.2540283203125
0.49896240234375
0.42291259765625
0.0794677734375
-0.49261474609375
0.0537109375
-0.102294921875
-0.42138671875
0.86767578125
-0.1763916015625
-0.054931640625
-0.1204833984375
0.36956787109375
-0.1156005859375
-1.00775146484375
-0.41363525390625
0.52935791015625
0.05291748046875
0.1387939453125
-0.88763427734375
0.2061767578125
0.2835693359375
-0.12884521484375
0.2696533203125
-0.70977783203125
-0.42584228515625
-0.30157470703125
-0.24151611328125
0.54901123046875
0.30181884765625
0.38201904296875
-0.1322021484375
-0.54254150390625
-0.3087158203125
-0.51409912109375
-0.417724609375
0.5450439453125
0.74609375
-0.89532470703125
0.5682373046875
-0.01239013671875
0.28692626953125
1.0205078125
-0.1031494140625
0.20782470703125
0.01043701171875
0.040771484375
0.1143798828125
-0.3603515625
-0.1510009765625
0.0054931640625
-0.17730712890625
-0.20611572265625
-0.13104248046875
-0.45721435546875
-0.74896240234375
-0.439453125
-0.89276123046875
-0.19256591796875
0.401611328125
0.000732421875
-0.7310791015625
-0.906982421875
-0.36248779296875
-0.24761962890625
0.2220458984375
0.23046875
-0.177001953125
-0.29736328125
0.2091064453125
0.2567138671875
0.1422119140625
-0.53497314453125
-0.65936279296875
0.18389892578125
-0.27508544921875
-0.12255859375
-0.26983642578125
-0.79345703125
-0.4599609375
-0.73089599609375
-0.05950927734375
-0.1307373046875
-0.7825927734375
-0.2496337890625
0.31231689453125
-0.35986328125
-0.70819091796875
0.20648193359375
-0.3922119140625
-0.42413330078125
-0.0947265625
0.326904296875
-0.03094482421875
-0.38909912109375
0.547607421875
0.7451171875
0.66876220703125
0.02099609375
-0.10430908203125
-0.20928955078125
-0.90570068359375
-0.0694580078125
0.3382568359375
-0.1456298828125
0.38592529296875
-0.424072265625
0.26800537109375
0.6468505859375
-0.14080810546875
-0.1842041015625
-0.042236328125
-0.80523681640625
0.555419921875
-0.1990966796875
-0.29901123046875
-0.30743408203125
0.3193359375
0.349365234375
0.09747314453125
0.362548828125
-0.40423583984375
-0.1739501953125
0.03070068359375
-0.962158203125
-0.32989501953125
-0.4737548828125
-0.14306640625
0.2252197265625
0.15753173828125
-0.19921875
-0.6654052734375
-0.57757568359375
-0.08648681640625
0.3603515625
0.41943359375
-0.17340087890625
-0.38372802734375
-0.138916015625
-0.52984619140625
0.0914306640625
0.232177734375
-0.29522705078125
0.22760009765625
-0.4486083984375
-0.12139892578125
-0.21453857421875
-0.460693359375
-0.01312255859375
-0.376220703125
-0.3394775390625
0.935791015625
-0.32177734375
-0.98779296875
-0.06024169921875
0.24774169921875
-0.39178466796875
-0.20758056640625
0.09423828125
-0.18597412109375
-0.05328369140625
-0.8758544921875
-0.77008056640625
-0.20880126953125
0.03143310546875
-0.2244873046875
-0.1881103515625
-0.44921875
-0.76324462890625
-1.14471435546875
0.01953125
0.46734619140625
1.35296630859375
-0.2054443359375
-1.180419921875
0.1085205078125
0.42681884765625
0.15948486328125
-1.15582275390625
-1.28192138671875
0.63812255859375
1.29632568359375
0.2589111328125
-0.26519775390625
-0.2508544921875
-0.4566650390625
1.03607177734375
-0.00848388671875
-0.22900390625
-0.25006103515625
0.00299072265625
0.4698486328125
0.2816162109375
0.63824462890625
-0.72003173828125
0.82757568359375
1.561279296875
0.18511962890625
0.219970703125
-0.869873046875
-0.85943603515625
-0.376708984375
0.249267578125
0.02996826171875
0.1593017578125
-0.88665771484375
-0.40545654296875
-0.25543212890625
-0.37420654296875
-0.05364990234375
-1.240234375
0.36956787109375
-0.0277099609375
-0.92401123046875
0.50390625
0.12969970703125
-1.04345703125
0.61865234375
0.18353271484375
-0.06201171875
0.0999755859375
-0.89385986328125
-0.70623779296875
-0.883544921875
-0.07122802734375
-0.09832763671875
0.416259765625
-1.34368896484375
0.1014404296875
-0.40399169921875
-0.23748779296875
0.47027587890625
-0.108154296875
0.43316650390625
0.3646240234375
-0.2655029296875
-0.2000732421875
0.30242919921875
-0.3953857421875
-0.50091552734375
0.158447265625
-0.030029296875
0.3896484375
0.1322021484375
-0.4078369140625
-0.49200439453125
-0.1014404296875
-0.46319580078125
-0.20355224609375
-0.31768798828125
-0.15338134765625
-0.43115234375
-0.232177734375
-0.21173095703125
-0.46514892578125
0.193603515625
0.0146484375
-0.04754638671875
0.4619140625
-0.05670166015625
-0.3819580078125
0.04620361328125
0.433837890625
0.154052734375
-0.280029296875
-0.701171875
-0.39459228515625
-0.2772216796875
-0.24346923828125
0.40936279296875
0.462158203125
-0.36895751953125
0.24700927734375
-0.07177734375
0.02691650390625
0.10369873046875
0.131103515625
0.21368408203125
-0.22467041015625
-0.885986328125
-0.3001708984375
-0.1739501953125
0.43743896484375
0.4798583984375
-0.542236328125
0.08050537109375
0.02294921875
-0.40179443359375
-0.10699462890625
0.17974853515625
0.27508544921875
0.38043212890625
0.3992919921875
-0.37347412109375
0.5125732421875
-0.482421875
0.00537109375
0.49884033203125
-0.3681640625
0.06451416015625
0.3233642578125
0.0477294921875
0.50836181640625
0.0992431640625
-1.08056640625
-0.0491943359375
-0.82745361328125
0.4337158203125
0.5030517578125
-0.1546630859375
0.3438720703125
0.31512451171875
0.1925048828125
-0.24798583984375
-0.9674072265625
-0.48870849609375
-0.35443115234375
-0.2034912109375
-0.45086669921875
-0.21044921875
-0.09918212890625
-0.13623046875
-0.345458984375
-0.400146484375
-0.58660888671875
0.30841064453125
0.10992431640625
-0.778076171875
0.2598876953125
-0.5838623046875
-0.43914794921875
0.08856201171875
0.691650390625
-0.100341796875
-0.171630859375
-0.0467529296875
-0.67340087890625
0.51568603515625
-0.380615234375
0.5201416015625
0.047119140625
-1.0155029296875
-1.45086669921875
-0.01666259765625
1.01971435546875
0.12542724609375
0.0977783203125
0.21588134765625
-0.326416015625
0.57989501953125
-0.5833740234375
-0.73773193359375
0.04156494140625
-0.81072998046875
0.1260986328125
-0.1571044921875
-0.48681640625
0.4833984375
-0.87939453125
-1.1529541015625
0.6727294921875
-0.14794921875
-1.2066650390625
0.1221923828125
1.0882568359375
0.2535400390625
-0.62554931640625
0.4075927734375
-0.45013427734375
0.4300537109375
0.05841064453125
-0.77947998046875
-0.80078125
-2.03765869140625
-0.65020751953125
-0.557861328125
-0.47747802734375
0.79034423828125
0.4110107421875
0.25244140625
-0.57794189453125
0.3031005859375
-0.5025634765625
0.27740478515625
-0.20611572265625
-0.042724609375
0.00146484375
0.666015625
0.35284423828125
-0.3118896484375
-0.0989990234375
0.256591796875
0.0509033203125
0.19635009765625
-0.4693603515625
0.23809814453125
-0.4853515625
0.15753173828125
-0.165771484375
0.54119873046875
0.6766357421875
-0.5521240234375
-0.31597900390625
-0.64495849609375
-0.47222900390625
0.03692626953125
-0.07318115234375
-0.20391845703125
0.00921630859375
-0.194580078125
0.01666259765625
-0.63671875
-0.16632080078125
-0.4781494140625
-0.1029052734375
0.332763671875
0.005615234375
0.279296875
0.2066650390625
-0.531494140625
-0.24273681640625
-0.63916015625
0.340087890625
-0.07489013671875
0.29351806640625
0.0526123046875
0.0238037109375
-0.304443359375
0.12237548828125
-0.50799560546875
0.51727294921875
0.00103759765625
-0.1644287109375
0.49505615234375
-0.819580078125
0.12103271484375
-0.51715087890625
-0.4202880859375
-0.19500732421875
-0.3377685546875
-0.2095947265625
-0.279296875
-0.52606201171875
-0.4639892578125
-0.19622802734375
-0.3814697265625
-0.704345703125
0.6256103515625
0.41693115234375
-0.68695068359375
-0.51068115234375
-0.52557373046875
0.16705322265625
-0.44970703125
-0.25189208984375
-0.1531982421875
-0.14398193359375
-0.40008544921875
0.15478515625
-0.2060546875
-0.81842041015625
-0.47686767578125
-0.10791015625
-0.12860107421875
0.1162109375
-0.6715087890625
-0.71929931640625
0.4405517578125
-0.1273193359375
-0.94586181640625
-0.5716552734375
-0.3758544921875
-0.390625
-0.68115234375
-0.06719970703125
0.04998779296875
-0.69415283203125
0.00018310546875
0.17034912109375
-0.32879638671875
0.36053466796875
-0.3544921875
-0.18902587890625
-0.2452392578125
0.2222900390625
0.10601806640625
0.35223388671875
0.5206298828125
-0.1119384765625
0.01068115234375
-0.20001220703125
0.25262451171875
-0.8470458984375
0.09765625
-0.60980224609375
0.5966796875
0.22808837890625
1.056884765625
-0.58966064453125
0.144287109375
-0.46917724609375
-0.01483154296875
-0.4178466796875
-0.23797607421875
0.4598388671875
0.41925048828125
-0.34320068359375
-0.28631591796875
-0.74066162109375
-0.83013916015625
1.0694580078125
0.36212158203125
-0.64556884765625
-0.54608154296875
-0.536865234375
-0.76556396484375
-0.27288818359375
-0.05938720703125
-0.06170654296875
0.84814453125
-0.52947998046875
-0.25299072265625
0.46185302734375
0.1236572265625
-0.4287109375
-0.46435546875
-0.72601318359375
-0.18267822265625
1.03033447265625
0.75927734375
0.41168212890625
-1.12982177734375
-1.1358642578125
1.0386962890625
-0.79718017578125
-0.93121337890625
-0.78839111328125
0.32159423828125
0.4583740234375
-0.4117431640625
-0.5634765625
-0.00732421875
0.02032470703125
-0.26385498046875
-0.9124755859375
0.37591552734375
-0.87750244140625
-0.7244873046875
-0.1304931640625
0.1986083984375
0.41229248046875
0.1204833984375
-0.210693359375
-1.34820556640625
-0.13958740234375
-0.38507080078125
0.13128662109375
0.34124755859375
-1.2088623046875
-0.66656494140625
0.4910888671875
1.69256591796875
0.73785400390625
-0.68756103515625
1.4879150390625
-0.1348876953125
0.02740478515625
-0.10089111328125
0.06707763671875
-0.07635498046875
0.146484375
0.65203857421875
0.59271240234375
0.02313232421875
-0.763427734375
-0.27032470703125
-1.0201416015625
-0.09710693359375
-0.070556640625
-0.32611083984375
0.004638671875
-0.02154541015625
-0.35284423828125
0.22137451171875
0.2073974609375
-0.81365966796875
-0.15020751953125
0.39898681640625
-0.78851318359375
-0.93389892578125
-0.04681396484375
-0.8485107421875
-0.2044677734375
0.880126953125
-0.11651611328125
-0.19873046875
-0.7879638671875
-0.06903076171875
-0.265869140625
-0.39678955078125
-0.36962890625
-0.72381591796875
-0.30633544921875
-0.33551025390625
0.4879150390625
-0.17144775390625
-0.3135986328125
-0.31414794921875
0.486328125
-0.43035888671875
0.52752685546875
-0.15655517578125
-0.50567626953125
-0.28570556640625
-0.11236572265625
-0.53167724609375
0.84552001953125
0.12908935546875
-0.11279296875
0.087890625
-0.1033935546875
-0.814453125
0.36334228515625
-0.13720703125
-0.6015625
-0.63580322265625
-0.4718017578125
-0.53173828125
0.18646240234375
-0.4368896484375
0.384033203125
-0.2291259765625
-0.5625
-0.3392333984375
-0.69305419921875
-0.40228271484375
-0.09503173828125
0.22259521484375
-0.03814697265625
-0.60296630859375
-0.4217529296875
-1.12646484375
-1.10650634765625
0.7181396484375
-0.59521484375
-0.4815673828125
-0.08319091796875
0.070068359375
-0.041015625
0.19171142578125
-0.9056396484375
0.12774658203125
-0.19268798828125
-0.104248046875
0.37384033203125
0.22918701171875
0.05059814453125
0.04693603515625
-0.03289794921875
0.07708740234375
0.68896484375
-0.2486572265625
-0.01116943359375
-0.2152099609375
-0.0858154296875
0.1031494140625
-0.570068359375
-0.1502685546875
-0.0511474609375
0.3311767578125
-0.2125244140625
0.21026611328125
-0.11566162109375
0.21417236328125
0.03216552734375
-0.61517333984375
0.0576171875
0.21514892578125
-0.42132568359375
-0.06976318359375
-0.3729248046875
-1.1927490234375
-0.72705078125
0.0555419921875
0.292236328125
0.3983154296875
-0.2901611328125
-0.24365234375
-0.25958251953125
-0.50823974609375
-0.0079345703125
-0.30242919921875
0.08892822265625
-0.25140380859375
0.5819091796875
0.300537109375
-0.45501708984375
-0.55914306640625
0.14605712890625
-0.5184326171875
1.005126953125
0.46490478515625
-0.5938720703125
-0.31488037109375
-0.36767578125
-0.089599609375
-0.1556396484375
-0.48175048828125
-0.39837646484375
-0.56494140625
-0.14398193359375
-0.39208984375
-0.541748046875
0.14849853515625
-0.109619140625
0.23486328125
-0.37396240234375
-0.9697265625
-0.32940673828125
-0.23626708984375
-0.956787109375
-0.12652587890625
-0.39697265625
0.13397216796875
0.21697998046875
-0.32305908203125
-0.7506103515625
-0.8450927734375
-0.22723388671875
0.32623291015625
-0.03448486328125
-0.544677734375
-0.12542724609375
0.614990234375
0.75006103515625
0.5274658203125
-0.67156982421875
-0.54718017578125
-0.0382080078125
0.00048828125
0.0819091796875
-0.77227783203125
-0.56158447265625
0.5369873046875
0.0225830078125
-0.47216796875
-0.349853515625
-0.64007568359375
0.0262451171875
0.16156005859375
-0.45379638671875
-0.08050537109375
-0.220703125
-0.2884521484375
0.218017578125
-0.12957763671875
0.3565673828125
-0.33111572265625
-0.13824462890625
0.1092529296875
-0.55712890625
-0.69464111328125
0.53021240234375
-0.42022705078125
-0.04913330078125
0.19757080078125
-0.092529296875
-0.72027587890625
-0.34405517578125
0.437255859375
-0.11810302734375
-0.5574951171875
-0.0164794921875
1.24615478515625
0.62750244140625
-0.13702392578125
-0.1900634765625
-0.45941162109375
0.17779541015625
0.00555419921875
-0.04443359375
-0.52020263671875
-0.5889892578125
0.1343994140625
-0.1717529296875
-0.2843017578125
0.76031494140625
-0.1983642578125
-0.64794921875
-0.2486572265625
0.14471435546875
0.78094482421875
-0.029541015625
0.203369140625
0.0928955078125
-0.10137939453125
-0.3485107421875
-0.3902587890625
-0.0657958984375
-0.68304443359375
0.06219482421875
0.26885986328125
-0.1153564453125
0.25860595703125
-0.55743408203125
-0.180419921875
-0.3651123046875
0.00506591796875
-0.3802490234375
0.06414794921875
0.73089599609375
-0.34002685546875
0.15911865234375
-0.6822509765625
-0.73101806640625
-0.147705078125
0.13525390625
-0.60260009765625
0.10089111328125
-0.26202392578125
-0.20361328125
0.41943359375
-0.6011962890625
-0.648681640625
0.57769775390625
0.08380126953125
-0.16851806640625
-0.4422607421875
0.11859130859375
0.21624755859375
0.5614013671875
0.88006591796875
-0.13543701171875
0.46441650390625
-0.05889892578125
-0.32672119140625
0.244384765625
-0.361328125
0.22979736328125
-0.9901123046875
-0.5836181640625
0.2640380859375
0.32049560546875
0.17510986328125
-0.79913330078125
0.3092041015625
0.253662109375
0.2989501953125
-0.65447998046875
-0.4326171875
0.29473876953125
0.2010498046875
0.47314453125
0.011962890625
0.4686279296875
-0.31304931640625
0.053466796875
0.52716064453125
0.16619873046875
-0.1727294921875
-0.998779296875
-1.09063720703125
-1.35601806640625
0.03729248046875
0.74627685546875
0.76611328125
-0.1199951171875
-0.89447021484375
0.32513427734375
0.77703857421875
0.0367431640625
-1.262939453125
-0.61907958984375
-0.16339111328125
0.06890869140625
0.01202392578125
0.10986328125
-0.39422607421875
0.57342529296875
-0.47418212890625
0.17083740234375
-0.206298828125
-0.099853515625
-0.5926513671875
0.02276611328125
0.906982421875
0.09539794921875
0.4403076171875
-0.46185302734375
0.88287353515625
0.01568603515625
-0.4033203125
0.24005126953125
-1.04058837890625
-1.01904296875
0.2357177734375
-0.18951416015625
-0.052978515625
0.54449462890625
-1.554931640625
-0.915283203125
0.31085205078125
-0.13861083984375
-0.20660400390625
-0.6778564453125
-0.30859375
-0.071044921875
-0.59002685546875
0.44708251953125
0.62237548828125
-0.81768798828125
-1.119873046875
-0.0128173828125
0.27679443359375
-0.4373779296875
-1.0340576171875
-0.16387939453125
-0.0013427734375
-0.12969970703125
0.417236328125
0.59344482421875
-0.07293701171875
-0.09539794921875
-0.73211669921875
-0.08392333984375
-0.3961181640625
0.232421875
-0.04766845703125
0.387451171875
0.43756103515625
0.33447265625
-1.01739501953125
-0.4659423828125
0.29840087890625
0.13079833984375
-0.7474365234375
-0.04766845703125
0.213623046875
-0.00299072265625
-0.08453369140625
-0.54791259765625
0.255615234375
0.012939453125
0.446533203125
-0.3599853515625
-0.025634765625
0.029052734375
0.142822265625
0.131103515625
0.07421875
0.36962890625
0.146728515625
0.149658203125
-0.32684326171875
-0.00372314453125
-0.0625
-0.005615234375
-0.042236328125
-0.00225830078125
0.04290771484375
0.6341552734375
-0.61126708984375
-0.60247802734375
-0.41375732421875
-0.4324951171875
-0.03643798828125
0.692138671875
-0.100830078125
-0.34967041015625
-0.566162109375
-0.314208984375
-0.4002685546875
-0.39837646484375
-0.35260009765625
-0.40655517578125
0.1322021484375
0.12066650390625
0.01177978515625
-0.1617431640625
-0.2442626953125
-0.0328369140625
-0.4991455078125
-0.31787109375
0.08624267578125
-0.5804443359375
-0.06549072265625
-0.303955078125
-0.31646728515625
-0.12005615234375
0.38299560546875
-0.552734375
-0.71502685546875
0.7867431640625
1.0426025390625
0.41204833984375
-0.69671630859375
0.09814453125
0.09918212890625
0.03839111328125
-0.078369140625
-0.4793701171875
-0.42889404296875
-0.03765869140625
-0.21942138671875
0.05157470703125
-0.09014892578125
0.051513671875
0.39825439453125
0.06646728515625
0.15618896484375
-0.1412353515625
-1.2447509765625
-0.326171875
-0.10186767578125
0.038330078125
-0.00286865234375
-0.074951171875
-0.46917724609375
0.0703125
-0.53521728515625
0.01055908203125
-0.10443115234375
-0.4970703125
-0.56060791015625
0.22393798828125
0.913818359375
1.01861572265625
-0.22320556640625
-1.013671875
0.1563720703125
0.4180908203125
0.27752685546875
0.08172607421875
-0.237060546875
-0.4876708984375
0.0628662109375
-0.5670166015625
-0.2257080078125
0.96514892578125
-0.033203125
-0.47503662109375
-0.95111083984375
0.11944580078125
-0.9158935546875
-0.10955810546875
-0.5335693359375
-0.25054931640625
0.83258056640625
-0.126953125
0.16461181640625
0.614990234375
-1.37908935546875
-0.11572265625
0.14288330078125
0.8359375
0.1473388671875
-0.090087890625
0.54443359375
0.755126953125
0.7332763671875
-0.8154296875
-0.72589111328125
-0.26007080078125
0.000244140625
0.30670166015625
-0.20831298828125
-0.78692626953125
-0.19830322265625
-0.69049072265625
0.64111328125
0.4036865234375
0.02740478515625
-0.0982666015625
0.34576416015625
-0.6400146484375
0.80950927734375
0.169921875
-0.57958984375
1.14697265625
-1.08721923828125
0.75262451171875
0.41278076171875
0.51922607421875
-0.526123046875
-1.34417724609375
-0.14849853515625
-0.48529052734375
-0.64080810546875
-0.60699462890625
-0.8597412109375
-0.1624755859375
0.1287841796875
-0.611572265625
0.22119140625
-0.23114013671875
0.1104736328125
-0.62066650390625
-0.23974609375
-0.9639892578125
0.0994873046875
-0.28033447265625
0.2835693359375
0.40728759765625
-0.51739501953125
-0.76629638671875
0.3282470703125
0.1387939453125
0.02532958984375
0.04986572265625
-0.21392822265625
0.55731201171875
-0.02642822265625
0.20538330078125
0.3287353515625
-0.522705078125
0.059326171875
0.1278076171875
0.2432861328125
-1.27484130859375
0.2662353515625
0.02227783203125
0.1199951171875
0.50103759765625
-0.39166259765625
-0.12591552734375
0.33489990234375
-0.61224365234375
-0.61505126953125
-0.1785888671875
-0.376953125
-0.0811767578125
0.029541015625
-0.22442626953125
-0.3709716796875
-0.128173828125
0.29840087890625
-0.3248291015625
-0.09539794921875
0.05877685546875
0.41656494140625
-0.17315673828125
-0.34765625
0.3599853515625
-1.0306396484375
0.432373046875
-0.06292724609375
-0.47320556640625
-0.04937744140625
0.47784423828125
-0.68963623046875
0.5130615234375
0.00921630859375
-0.25604248046875
0.3948974609375
0.165771484375
-0.436279296875
-0.1734619140625
-0.51171875
-0.3651123046875
-0.23834228515625
0.193603515625
-0.235595703125
-0.0338134765625
-0.10687255859375
0.76824951171875
0.58636474609375
0.3035888671875
0.04412841796875
0.29010009765625
-0.4053955078125
0.2703857421875
-0.38427734375
-0.47869873046875
0.56805419921875
0.18756103515625
-0.21429443359375
0.0626220703125
0.05609130859375
-0.705322265625
-0.3013916015625
-0.03521728515625
-0.04486083984375
-0.33349609375
0.01171875
-0.34619140625
-0.97015380859375
-0.17840576171875
-0.78155517578125
0.1583251953125
0.54119873046875
0.23370361328125
0.7503662109375
-0.14923095703125
-0.8099365234375
0.72332763671875
-1.00439453125
-0.6707763671875
-0.60833740234375
0.1646728515625
-0.14349365234375
-0.024169921875
-0.8568115234375
-0.3189697265625
-0.53265380859375
-0.38140869140625
0.6810302734375
-0.512451171875
-0.20269775390625
-0.67962646484375
-0.19281005859375
0.26470947265625
0.2215576171875
0.45147705078125
0.394775390625
-1.0328369140625
0.30499267578125
0.1468505859375
-0.467041015625
0.1041259765625
0.01287841796875
-0.09283447265625
-0.2349853515625
-0.13433837890625
0.10833740234375
-0.356689453125
-0.13702392578125
-0.1142578125
-0.87420654296875
-0.263916015625
0.3851318359375
-0.87139892578125
-0.32513427734375
0.19970703125
0.31671142578125
0.01214599609375
0.421630859375
-0.539306640625
-0.90386962890625
-0.2059326171875
-0.2154541015625
-0.22747802734375
-0.9056396484375
0.93365478515625
0.94256591796875
0.43109130859375
0.111572265625
-1.1759033203125
0.25775146484375
-0.95794677734375
0.81036376953125
-0.310546875
-0.477294921875
0.31524658203125
-0.013916015625
-0.31048583984375
0.5726318359375
-0.189697265625
-0.2767333984375
0.292236328125
-0.19085693359375
0.28314208984375
-0.72845458984375
-0.779052734375
0.67999267578125
-0.43414306640625
0.09197998046875
0.586669921875
-0.962158203125
0.2889404296875
-0.06732177734375
-0.185546875
0.33123779296875
-0.21856689453125
-0.28594970703125
-0.3798828125
-0.33746337890625
-0.315185546875
-0.201904296875
-0.89874267578125
-0.13427734375
-0.244140625
0.10791015625
0.1995849609375
-0.66064453125
-0.96258544921875
-0.01751708984375
-0.140625
-0.25469970703125
-0.204345703125
0.41510009765625
-0.67730712890625
-0.08721923828125
0.0096435546875
-0.33184814453125
0.2415771484375
0.14764404296875
0.0107421875
0.04534912109375
0.26544189453125
-0.29986572265625
0.1129150390625
0.18695068359375
-0.38580322265625
-0.24053955078125
-0.59466552734375
0.16259765625
0.478271484375
-0.28839111328125
0.38995361328125
0.28155517578125
-0.13238525390625
0.4849853515625
0.30615234375
-0.07598876953125
-0.19647216796875
-0.01361083984375
0.4776611328125
-0.31304931640625
0.14947509765625
0.04486083984375
-0.48809814453125
-0.1099853515625
-0.43572998046875
-0.2508544921875
0.28302001953125
0.37823486328125
0.13201904296875
-0.4742431640625
0.4033203125
-0.5235595703125
-0.3663330078125
0.134765625
0.12994384765625
-0.03375244140625
0.0760498046875
0.0450439453125
-0.62213134765625
0.48431396484375
-0.66839599609375
-0.21038818359375
-0.30157470703125
-0.96368408203125
0.3724365234375
0.3516845703125
0.22833251953125
0.23834228515625
-0.08221435546875
-0.380126953125
-0.59954833984375
-0.6551513671875
-0.677734375
0.009033203125
-0.0828857421875
-0.51544189453125
0.14990234375
-0.1834716796875
-0.76123046875
0.32904052734375
-1.1497802734375
-0.3564453125
-1.03790283203125
0.0419921875
-0.65826416015625
-0.158203125
0.6163330078125
0.7406005859375
-0.16204833984375
0.0224609375
-0.4063720703125
-0.94500732421875
-0.57379150390625
-1.031982421875
-0.26312255859375
-0.2469482421875
-0.2437744140625
-0.2550048828125
-0.5489501953125
0.70025634765625
0.43121337890625
0.81396484375
-0.2523193359375
-0.947509765625
-1.51617431640625
-0.75933837890625
1.76788330078125
1.03131103515625
0.592041015625
-0.1468505859375
0.298095703125
1.00579833984375
-1.072509765625
-0.57086181640625
-0.6719970703125
-0.61871337890625
1.28564453125
-0.22259521484375
0.206787109375
-0.1417236328125
-0.7596435546875
-1.18194580078125
0.29571533203125
-1.0467529296875
0.02911376953125
-0.39984130859375
-0.48968505859375
0.93438720703125
0.65631103515625
-0.750244140625
0.14154052734375
0.96600341796875
-0.32861328125
-0.06854248046875
-0.31158447265625
-0.9510498046875
-1.07672119140625
0.521728515625
0.66412353515625
0.18927001953125
0.636474609375
-0.4439697265625
-1.1951904296875
-0.8035888671875
-0.1412353515625
0.38720703125
0.06439208984375
-0.12615966796875
-0.0567626953125
-0.3653564453125
0.72479248046875
0.5087890625
-0.5184326171875
-0.5269775390625
-0.4139404296875
-0.2391357421875
1.255615234375
-0.734619140625
0.25762939453125
0.72271728515625
-0.5167236328125
-0.890625
-0.06219482421875
-0.12860107421875
-0.25244140625
0.0533447265625
-0.88299560546875
0.198486328125
-0.379638671875
-0.05743408203125
0.52288818359375
-0.25469970703125
-0.92462158203125
-0.39324951171875
0.1075439453125
-0.34783935546875
0.1334228515625
0.1405029296875
0.12371826171875
0.8214111328125
0.10797119140625
0.19439697265625
0.13189697265625
0.65032958984375
0.17767333984375
-0.12493896484375
-0.0599365234375
0.173583984375
0.3712158203125
-0.5294189453125
-0.36224365234375
0.466552734375
-0.64544677734375
0.0262451171875
0.3095703125
-0.29962158203125
0.11444091796875
0.13031005859375
-0.2274169921875
-0.05877685546875
-0.6429443359375
0.5242919921875
0.42681884765625
-0.789794921875
-0.0146484375
-0.2581787109375
0.37811279296875
0.0628662109375
0.23236083984375
-0.03033447265625
-0.74163818359375
-0.550537109375
-0.044677734375
-1.13922119140625
0.0733642578125
-0.0286865234375
-0.16351318359375
0.119873046875
0.22161865234375
-0.10076904296875
0.22119140625
0.10870361328125
0.338134765625
-0.1790771484375
0.05926513671875
-0.25408935546875
0.19891357421875
0.0291748046875
0.30963134765625
0.2896728515625
-0.58831787109375
-0.22662353515625
0.34173583984375
-0.07421875
-0.5048828125
0.03778076171875
0.0338134765625
0.12982177734375
0.1754150390625
-0.09356689453125
0.75067138671875
0.126708984375
-0.29302978515625
-0.3309326171875
0.21832275390625
-0.2535400390625
-0.86883544921875
-0.18328857421875
0.13128662109375
-0.205322265625
-0.35223388671875
-0.343994140625
0.0494384765625
-0.5533447265625
-0.97552490234375
0.29864501953125
0.2425537109375
-0.06292724609375
-0.3585205078125
0.061279296875
-0.4381103515625
-0.06939697265625
0.14031982421875
-0.22174072265625
-0.00238037109375
-0.6259765625
-0.26702880859375
0.21807861328125
-0.12664794921875
-0.5257568359375
-0.60028076171875
0.3975830078125
0.4295654296875
-0.13006591796875
-0.84234619140625
0.39129638671875
-0.59393310546875
-0.71551513671875
-0.8367919921875
-0.15252685546875
0.6295166015625
-0.23046875
-0.53076171875
-0.21087646484375
0.13177490234375
0.84710693359375
-0.0150146484375
-0.65313720703125
-0.235107421875
0.38800048828125
-1.0357666015625
0.12939453125
0.01214599609375
-0.7318115234375
-1.0057373046875
-0.40240478515625
0.65447998046875
0.388916015625
-0.77239990234375
-0.47003173828125
0.1671142578125
0.3699951171875
-0.88800048828125
-0.18231201171875
-0.31683349609375
-1.14434814453125
-0.685546875
0.07025146484375
-0.31488037109375
-0.3973388671875
-1.25469970703125
0.40179443359375
0.87054443359375
0.10577392578125
0.154541015625
-1.1387939453125
-1.217529296875
0.91925048828125
-0.7593994140625
-1.2496337890625
1.29705810546875
-1.224609375
0.14422607421875
1.0185546875
-0.3648681640625
-0.5238037109375
-1.14208984375
0.072509765625
0.7122802734375
-0.6539306640625
-0.730712890625
0.77117919921875
-0.26434326171875
-0.23443603515625
-0.35638427734375
-0.27178955078125
0.32867431640625
-0.5015869140625
-0.0440673828125
0.4644775390625
-0.00067138671875
-0.35205078125
0.1551513671875
0.15985107421875
0.1898193359375
-0.279052734375
-0.57928466796875
-0.04486083984375
-0.17547607421875
-0.84930419921875
-0.5137939453125
0.45654296875
-0.30230712890625
-0.348876953125
0.13702392578125
-0.88580322265625
-0.234130859375
0.146484375
0.0577392578125
0.03106689453125
0.16961669921875
0.11370849609375
-0.088134765625
0.3994140625
0.3604736328125
-0.39556884765625
0.12774658203125
0.2060546875
-0.37896728515625
-0.046630859375
0.2789306640625
0.04736328125
-0.86920166015625
0.4400634765625
0.29901123046875
-0.40582275390625
-0.01226806640625
0.0970458984375
-0.573974609375
-0.45880126953125
0.21197509765625
-0.153564453125
0.2349853515625
0.283447265625
-0.2432861328125
-0.44012451171875
-0.52362060546875
-0.65960693359375
-0.0849609375
-0.02459716796875
0.07757568359375
0.29937744140625
-0.6680908203125
0.0888671875
-0.508056640625
-0.25958251953125
-0.15386962890625
0.2911376953125
-0.25396728515625
-0.3756103515625
0.6373291015625
-0.5343017578125
0.71881103515625
0.4697265625
1.33709716796875
0.2872314453125
-0.9034423828125
-0.1146240234375
-0.44378662109375
-0.34771728515625
-0.62359619140625
0.15509033203125
0.4609375
-0.3597412109375
0.6597900390625
-0.008544921875
-0.53094482421875
0.3316650390625
0.98223876953125
-0.50262451171875
-0.47662353515625
-0.35992431640625
0.23321533203125
0.1337890625
-0.61419677734375
0.50811767578125
-0.6907958984375
-0.0250244140625
-0.0733642578125
-0.466552734375
-0.3646240234375
0.5169677734375
-0.16339111328125
-0.10858154296875
0.5418701171875
-1.30419921875
-0.560546875
-0.212158203125
-0.277587890625
0.31134033203125
0.011962890625
-0.0595703125
-0.46832275390625
0.19818115234375
-0.69366455078125
0.04364013671875
0.09869384765625
0.43780517578125
-0.24322509765625
-0.2257080078125
-0.87237548828125
-0.3297119140625
0.04937744140625
0.02783203125
-0.59149169921875
0.54058837890625
-0.13714599609375
-0.05914306640625
-0.138671875
-0.9774169921875
-0.5347900390625
-0.22052001953125
0.36053466796875
0.40899658203125
-0.752685546875
-0.43536376953125
-0.19842529296875
0.28631591796875
-0.5225830078125
-0.2025146484375
0.01715087890625
-0.08404541015625
0.19873046875
-0.0457763671875
-0.8841552734375
0.07672119140625
0.11334228515625
-0.48187255859375
0.05401611328125
-1.24383544921875
-0.1651611328125
-0.324951171875
-0.61199951171875
-0.60809326171875
-0.0885009765625
0.21820068359375
0.28143310546875
0.05584716796875
-1.261962890625
-0.957275390625
-0.235107421875
0.478759765625
-0.32965087890625
-0.01702880859375
0.1724853515625
0.28466796875
-0.205322265625
0.0970458984375
-0.4473876953125
-0.34259033203125
0.875
0.37249755859375
0.1038818359375
-0.91015625
0.40533447265625
0.30804443359375
0.4119873046875
-0.15234375
0.18011474609375
-0.34344482421875
-0.63677978515625
-0.32611083984375
-0.61773681640625
-0.932861328125
1.06268310546875
-0.5201416015625
0.01171875
-0.3857421875
-0.26531982421875
-0.20745849609375
-0.4605712890625
-0.03857421875
0.032470703125
0.03656005859375
0.22869873046875
-0.20989990234375
-0.1033935546875
-0.578857421875
0.46954345703125
-0.01165771484375
0.314208984375
0.10272216796875
0.45001220703125
-0.60400390625
0.15020751953125
0.3157958984375
-0.3681640625
-0.32232666015625
0.3975830078125
0.46197509765625
0.5128173828125
0.349609375
-0.07061767578125
0.151123046875
0.02410888671875
-0.04541015625
-0.648681640625
-0.051513671875
0.2039794921875
0.13330078125
-0.28076171875
-0.4425048828125
0.3619384765625
0.3560791015625
-1.08856201171875
-0.47467041015625
-0.50262451171875
-0.41217041015625
-0.15472412109375
-0.10040283203125
-0.749755859375
-0.45654296875
-0.85675048828125
-0.67303466796875
-0.00531005859375
-0.07220458984375
-0.284423828125
0.26654052734375
-0.3048095703125
-0.5716552734375
0.4544677734375
0.2103271484375
-1.022705078125
-0.20635986328125
-0.31646728515625
-0.80828857421875
0.00482177734375
0.1083984375
-0.0157470703125
-0.377685546875
0.07781982421875
0.01409912109375
0.11309814453125
-0.3494873046875
0.25152587890625
-0.20159912109375
-0.71661376953125
-0.0699462890625
-0.33441162109375
-0.10552978515625
0.113037109375
0.26129150390625
0.404052734375
-0.185791015625
-0.7791748046875
-0.482421875
-0.211669921875
0.072509765625
0.0059814453125
0.389404296875
0.0408935546875
0.29083251953125
0.25054931640625
0.48089599609375
0.06591796875
-0.78302001953125
-0.0146484375
-0.69561767578125
0.47186279296875
0.3414306640625
-0.29229736328125
-0.11279296875
-0.28326416015625
-0.08514404296875
1.09832763671875
-0.4578857421875
-0.93609619140625
-0.44964599609375
-1.18798828125
-0.28729248046875
0.7183837890625
-0.60296630859375
-0.36871337890625
-1.18109130859375
-0.89007568359375
0.453125
0.26922607421875
0.2294921875
0.28607177734375
-0.620849609375
-0.2708740234375
0.900390625
-0.05218505859375
-1.186279296875
-1.5130615234375
-1.29681396484375
1.08251953125
1.31317138671875
-1.10015869140625
-0.9837646484375
-0.1961669921875
-1.45379638671875
0.62957763671875
0.18878173828125
0.36395263671875
-0.69342041015625
0.68145751953125
0.17132568359375
0.8004150390625
0.7991943359375
-1.1553955078125
0.685302734375
-0.4718017578125
-0.06524658203125
0.606201171875
-0.64141845703125
-0.204345703125
0.0263671875
0.701171875
0.62823486328125
0.83465576171875
-1.406982421875
-1.173828125
0.3577880859375
-0.51043701171875
0.99700927734375
-0.9735107421875
-1.13348388671875
-0.06048583984375
0.04571533203125
1.2047119140625
0.148193359375
-1.06915283203125
-0.650146484375
0.241943359375
-0.8316650390625
-0.21929931640625
0.39166259765625
-0.70880126953125
-0.24365234375
0.26483154296875
-0.43084716796875
0.32464599609375
-0.44366455078125
-0.01043701171875
0.22821044921875
-0.56109619140625
0.29986572265625
-0.3199462890625
0.19189453125
-0.0084228515625
-0.45086669921875
-0.09478759765625
0.4825439453125
-0.9132080078125
-0.55230712890625
-0.5224609375
-0.6632080078125
-0.35968017578125
0.22320556640625
-0.7489013671875
-0.10504150390625
0.53668212890625
-0.43048095703125
-0.49945068359375
-0.46441650390625
-0.29571533203125
0.41973876953125
-0.106689453125
0.01104736328125
-0.1348876953125
-0.59381103515625
-0.2132568359375
-0.6646728515625
-0.3218994140625
-0.3973388671875
-0.1937255859375
0.447021484375
0.03729248046875
-0.1591796875
0.56622314453125
-0.4248046875
-0.71966552734375
0.332275390625
0.08563232421875
0.0069580078125
0.3289794921875
0.056884765625
-0.4530029296875
-0.79937744140625
0.01275634765625
0.2828369140625
-0.9703369140625
-0.62274169921875
0.290771484375
-0.08477783203125
-0.427490234375
0.41986083984375
0.11090087890625
0.03173828125
0.091064453125
1.263427734375
0.08642578125
0.45111083984375
-0.0540771484375
-0.4495849609375
-0.68304443359375
0.32550048828125
-0.02374267578125
-0.31585693359375
0.16278076171875
-0.74005126953125
-0.1375732421875
-0.285400390625
-1.2159423828125
0.345458984375
0.19140625
-0.657958984375
0.0538330078125
-0.904052734375
-0.7965087890625
0.585693359375
0.138671875
-0.0179443359375
-0.5716552734375
-0.25775146484375
0.2667236328125
-0.22210693359375
0.143798828125
-0.056884765625
0.54620361328125
0.24383544921875
0.30474853515625
-0.0919189453125
-0.5162353515625
-0.23114013671875
0.36566162109375
-0.731689453125
-0.4443359375
-0.51812744140625
-0.256103515625
0.38568115234375
-0.9337158203125
0.20623779296875
-0.34130859375
-0.08770751953125
0.43353271484375
0.3258056640625
0.47149658203125
-0.0408935546875
-0.45233154296875
0.12835693359375
-0.3514404296875
-0.2255859375
0.33209228515625
0.5296630859375
0.27667236328125
-0.510986328125
-0.63861083984375
0.53253173828125
1.006591796875
0.78851318359375
0.4473876953125
-0.95654296875
-0.284423828125
-0.00830078125
0.26556396484375
-1.07525634765625
-0.14141845703125
-0.83428955078125
-0.39300537109375
0.2249755859375
-0.90478515625
0.05682373046875
-0.76641845703125
-0.53314208984375
0.6676025390625
0.604736328125
-0.62286376953125
-0.29718017578125
0.68450927734375
0.38677978515625
-0.3492431640625
0.1475830078125
0.14453125
1.20257568359375
-0.03363037109375
-1.27923583984375
0.248779296875
-0.42431640625
-0.7109375
-0.46881103515625
0.5562744140625
0.32598876953125
0.1422119140625
-1.35540771484375
-0.86883544921875
-0.10693359375
-1.45428466796875
0.1075439453125
-0.1614990234375
-0.05438232421875
-0.20672607421875
0.2142333984375
0.503662109375
0.351806640625
-1.624267578125
-0.28179931640625
0.21435546875
0.2366943359375
-0.10040283203125
-0.6053466796875
-0.13739013671875
-0.25250244140625
-0.16339111328125
-0.06268310546875
-0.5172119140625
0.29974365234375
0.4940185546875
-1.00213623046875
-0.0042724609375
-0.45623779296875
-0.1229248046875
-0.5911865234375
0.1578369140625
-0.33367919921875
0.347900390625
-0.4520263671875
-0.08685302734375
-0.26971435546875
-0.249755859375
0.2376708984375
-0.239013671875
-0.12530517578125
0.044677734375
-0.294189453125
0.33294677734375
0.59552001953125
-0.79229736328125
-0.66357421875
0.73516845703125
-0.3201904296875
0.26806640625
-0.0057373046875
-0.17669677734375
0.02178955078125
-0.0992431640625
-0.2366943359375
-0.41619873046875
0.60064697265625
-0.2923583984375
-0.04132080078125
0.24786376953125
0.02398681640625
0.174072265625
-0.17230224609375
0.6436767578125
-0.251953125
-1.349609375
-0.287841796875
0.5653076171875
0.5830078125
-1.084228515625
-0.95526123046875
-0.255615234375
0.25286865234375
0.3956298828125
-0.4228515625
-0.1900634765625
-0.264404296875
-0.0999755859375
-0.92681884765625
-0.12249755859375
-0.8082275390625
-0.5850830078125
-0.45849609375
0.18798828125
-0.24993896484375
-0.427978515625
0.14154052734375
-0.32861328125
0.601806640625
0.05303955078125
0.23858642578125
0.1927490234375
-0.63311767578125
-0.36456298828125
0.21771240234375
0.1314697265625
0.0068359375
0.317138671875
-0.16796875
-0.11724853515625
0.50689697265625
-1.1087646484375
-0.59503173828125
-0.05877685546875
-0.14324951171875
0.1785888671875
-0.7177734375
-0.05047607421875
0.1474609375
-0.90203857421875
-0.0379638671875
-0.22509765625
-0.07958984375
-0.14422607421875
-0.3187255859375
-0.43939208984375
0.07818603515625
-0.38800048828125
-0.25067138671875
-0.13861083984375
0.56982421875
0.3475341796875
-0.02056884765625
-0.118408203125
-0.57958984375
0.07696533203125
-0.5753173828125
0.12200927734375
-0.65576171875
0.0577392578125
-0.7657470703125
0.14190673828125
0.3797607421875
0.16949462890625
0.22052001953125
0.39520263671875
-0.14190673828125
-0.5965576171875
-0.28985595703125
0.83721923828125
0.10198974609375
0.4791259765625
0.1136474609375
-0.0025634765625
0.34539794921875
-0.071044921875
-0.91461181640625
0.03741455078125
-0.10009765625
0.850830078125
0.32733154296875
-0.1121826171875
0.465576171875
-1.38336181640625
-0.357177734375
1.17584228515625
-1.02496337890625
-0.57745361328125
-0.28485107421875
0.201904296875
0.58563232421875
0.19207763671875
-0.20318603515625
0.34759521484375
0.3238525390625
-0.47491455078125
0.212890625
-0.61431884765625
0.22235107421875
-0.41192626953125
-0.33343505859375
0.51092529296875
-0.00146484375
-0.1451416015625
-0.34271240234375
-0.221923828125
-1.0042724609375
-0.681884765625
0.501953125
-0.6641845703125
0.10137939453125
-0.2396240234375
-0.11053466796875
0.9810791015625
-0.04315185546875
-0.44903564453125
0.66424560546875
-0.406494140625
0.7171630859375
-0.36279296875
-1.1981201171875
-0.66326904296875
0.24981689453125
-0.05792236328125
-0.0601806640625
-0.06048583984375
-0.535888671875
-0.5093994140625
-0.0191650390625
0.31658935546875
-0.0228271484375
-0.41326904296875
0.72052001953125
0.6240234375
-0.7318115234375
-0.4521484375
0.43505859375
-0.201904296875
-0.646484375
0.25018310546875
-0.46240234375
0.09893798828125
-1.16046142578125
0.1639404296875
0.28509521484375
-0.00225830078125
-0.1241455078125
0.1484375
-0.234130859375
0.06622314453125
0.29351806640625
0.31494140625
-0.2760009765625
-0.3865966796875
-0.32586669921875
-0.1473388671875
0.127197265625
-0.1160888671875
0.0565185546875
-0.698486328125
-0.25579833984375
0.20086669921875
-0.474609375
-0.3233642578125
0.00616455078125
-0.143310546875
-0.023193359375
0.27685546875
-0.04486083984375
-0.1885986328125
0.807373046875
0.13519287109375
0.0145263671875
-0.282470703125
-0.7659912109375
-0.32464599609375
-0.2750244140625
0.9371337890625
-0.38189697265625
0.076416015625
-0.3721923828125
-0.007080078125
0.37091064453125
0.0115966796875
-0.25006103515625
0.03131103515625
-0.70172119140625
0.011962890625
-0.2994384765625
-0.4378662109375
-0.06182861328125
-0.77557373046875
-0.2734375
0.28253173828125
-0.40325927734375
0.29327392578125
-0.3521728515625
-0.60943603515625
-0.47100830078125
-0.14324951171875
-0.60443115234375
0.15655517578125
-0.55291748046875
-0.37738037109375
-0.94342041015625
0.02642822265625
-0.5302734375
-0.34698486328125
-0.51202392578125
0.136474609375
0.10650634765625
0.194091796875
-0.53057861328125
0.79229736328125
0.02850341796875
0.22039794921875
-0.94097900390625
-0.08837890625
-0.30767822265625
-0.77899169921875
-0.1217041015625
-0.13714599609375
-0.7861328125
-0.5667724609375
0.1363525390625
-0.28363037109375
-0.833740234375
-0.83868408203125
-0.43182373046875
0.35491943359375
-0.279052734375
-0.53863525390625
-0.48870849609375
-0.07421875
-0.6546630859375
0.15216064453125
-0.40423583984375
0.308349609375
0.19775390625
0.60931396484375
-0.29449462890625
0.14434814453125
0.59295654296875
0.062744140625
0.479248046875
-0.551513671875
-0.46600341796875
0.47821044921875
0.8541259765625
-0.39508056640625
-0.841064453125
-0.58026123046875
-0.2392578125
0.36627197265625
0.49652099609375
0.626953125
0.58367919921875
-1.3175048828125
-1.281494140625
-0.39630126953125
-0.61712646484375
-1.10076904296875
0.2547607421875
0.267578125
0.075927734375
-0.42559814453125
-0.3431396484375
0.23345947265625
0.05615234375
-0.226806640625
0.3270263671875
-0.35272216796875
-0.46160888671875
-0.55419921875
0.4974365234375
0.14154052734375
-0.48114013671875
0.13641357421875
0.2540283203125
0.1002197265625
-0.51202392578125
-0.599853515625
0.31109619140625
-0.34716796875
-0.33038330078125
-0.2283935546875
0.047607421875
0.99041748046875
-0.20751953125
-1.05010986328125
0.22845458984375
-0.29339599609375
-0.09320068359375
0.63629150390625
-0.44927978515625
-0.49627685546875
0.40576171875
0.36846923828125
-0.53741455078125
0.58807373046875
0.07049560546875
-0.37860107421875
-0.66259765625
0.3350830078125
0.02508544921875
-0.36285400390625
-0.31591796875
0.55206298828125
0.07061767578125
-0.52191162109375
-0.6702880859375
-0.0233154296875
-1.1016845703125
-0.17364501953125
-0.98382568359375
0.1392822265625
0.57745361328125
0.47998046875
-0.40106201171875
0.3543701171875
0.25494384765625
-0.746337890625
-0.016845703125
0.1124267578125
-0.3436279296875
-0.000732421875
-0.45989990234375
0.2701416015625
0.3109130859375
-0.43841552734375
-0.4476318359375
-0.26171875
-0.515625
-0.7608642578125
0.01446533203125
-0.02655029296875
-0.0926513671875
-0.4251708984375
-0.2015380859375
-0.31463623046875
-0.06024169921875
0.421875
-0.5191650390625
-0.28363037109375
-0.51947021484375
-0.43231201171875
0.1453857421875
0.19854736328125
0.131103515625
0.400146484375
-0.15631103515625
-0.26446533203125
0.586181640625
0.39190673828125
0.1280517578125
0.25140380859375
0.10821533203125
0.61126708984375
0.30853271484375
0.0499267578125
0.3651123046875
-0.8436279296875
0.29736328125
0.15997314453125
-0.6492919921875
-0.31695556640625
0.5731201171875
-0.44970703125
0.24981689453125
-0.1927490234375
-0.84344482421875
0.13543701171875
-0.15838623046875
0.0418701171875
0.0792236328125
-0.455810546875
-0.06475830078125
0.05450439453125
-0.62139892578125
0.44573974609375
-0.1075439453125
-0.5281982421875
0.0191650390625
0.3486328125
-0.0533447265625
-0.6337890625
0.51654052734375
-0.1719970703125
-0.92291259765625
0.1385498046875
0.167236328125
0.69891357421875
0.07806396484375
-0.277587890625
-0.00439453125
-1.05902099609375
0.574951171875
-0.18365478515625
-1.10858154296875
-0.161376953125
0.116455078125
-0.19970703125
-0.46478271484375
-0.37890625
0.661865234375
-0.14971923828125
-0.31561279296875
-0.29327392578125
-1.226318359375
-0.183837890625
-0.64013671875
-0.3653564453125
0.28961181640625
-0.38275146484375
-0.1510009765625
-1.51287841796875
-0.21624755859375
0.3759765625
0.332275390625
-0.5775146484375
-0.7879638671875
0.76995849609375
1.35693359375
-0.32427978515625
-1.32171630859375
-0.43841552734375
-0.497802734375
0.41229248046875
0.2147216796875
-0.6578369140625
-0.04669189453125
-1.0211181640625
-0.73974609375
0.41998291015625
0.17608642578125
-0.8240966796875
-0.0712890625
0.66583251953125
0.861083984375
-0.26885986328125
0.1163330078125
0.00384521484375
-0.4617919921875
0.18560791015625
-1.3067626953125
-0.015869140625
-0.2646484375
-0.65008544921875
0.1168212890625
0.0574951171875
0.599365234375
0.07049560546875
-0.90765380859375
-1.01971435546875
1.0909423828125
-0.5379638671875
0.40399169921875
-0.177490234375
-1.1456298828125
0.85858154296875
0.5457763671875
-0.081298828125
-0.15643310546875
-1.10296630859375
-0.193115234375
-1.15863037109375
0.42431640625
0.32647705078125
0.06396484375
-0.3306884765625
0.2352294921875
0.3079833984375
1.19622802734375
-0.0130615234375
-1.226806640625
-1.38958740234375
0.06011962890625
-0.46087646484375
-0.16644287109375
-0.1153564453125
-0.55718994140625
0.01641845703125
-0.40216064453125
-0.5926513671875
0.00238037109375
-0.42755126953125
-0.10418701171875
0.1968994140625
0.51690673828125
0.17889404296875
0.31695556640625
0.3489990234375
0.044677734375
-0.39971923828125
-0.07635498046875
-0.0301513671875
-0.0318603515625
-0.17095947265625
0.2611083984375
0.00701904296875
-0.27642822265625
-0.18743896484375
0.00970458984375
-0.103759765625
-0.2100830078125
-0.13055419921875
0.0015869140625
-1.0054931640625
-0.33929443359375
-0.3536376953125
-0.54449462890625
-0.332763671875
-0.75848388671875
-0.497802734375
-0.52880859375
-0.32293701171875
-0.95819091796875
-0.47314453125
-0.48358154296875
-0.2745361328125
0.06024169921875
-0.633544921875
-0.5814208984375
0.14422607421875
-0.3458251953125
0.32110595703125
-1.01776123046875
-0.46044921875
0.23187255859375
0.0174560546875
-0.57574462890625
0.04327392578125
0.06585693359375
-0.1358642578125
-0.17724609375
-0.0501708984375
-0.0750732421875
-0.49896240234375
0.0849609375
0.45318603515625
-0.359130859375
0.17523193359375
-0.7288818359375
-0.13592529296875
-0.960693359375
0.0616455078125
-0.0277099609375
0.0794677734375
0.00506591796875
-0.03314208984375
-0.2735595703125
0.31915283203125
-0.283447265625
-0.4627685546875
-0.5150146484375
-0.02337646484375
-0.38983154296875
0.28826904296875
0.2996826171875
0.14385986328125
0.736572265625
-0.0831298828125
0.4058837890625
-0.56640625
-0.449462890625
-0.86834716796875
-0.1256103515625
-0.468505859375
0.18304443359375
0.205810546875
0.13128662109375
-0.2264404296875
0.04888916015625
-0.1717529296875
0.05364990234375
-0.71270751953125
0.00775146484375
0.47979736328125
0.0648193359375
-0.3975830078125
-0.6768798828125
-1.64306640625
-0.946044921875
0.19573974609375
-0.554443359375
0.2005615234375
0.12213134765625
0.575439453125
-1.320556640625
-0.919677734375
0.58685302734375
0.39727783203125
-0.25445556640625
-1.05999755859375
-0.70294189453125
-0.0289306640625
-0.3919677734375
-0.52032470703125
-0.88677978515625
-1.002685546875
0.480224609375
-0.05926513671875
-0.41864013671875
-0.12066650390625
-1.14300537109375
-0.6395263671875
1.06072998046875
-0.67620849609375
-0.3502197265625
-0.4268798828125
0.19207763671875
0.6351318359375
0.18701171875
-1.5244140625
0.943115234375
-0.232666015625
-0.52972412109375
0.5557861328125
-0.2901611328125
-1.0687255859375
-0.27459716796875
-0.83074951171875
-0.040283203125
-0.4464111328125
-0.05780029296875
-0.75677490234375
-0.34381103515625
-0.507568359375
-0.6160888671875
0.68182373046875
-0.10711669921875
-0.47760009765625
-0.4674072265625
-0.89166259765625
0.90155029296875
-0.36328125
-0.946533203125
-0.24456787109375
-0.363525390625
-0.14202880859375
-0.08709716796875
-0.88690185546875
0.17913818359375
0.6175537109375
0.9144287109375
-0.38421630859375
-0.2698974609375
-0.12750244140625
0.105224609375
-0.84503173828125
-0.65679931640625
-0.181396484375
-0.4566650390625
0.5205078125
-0.04742431640625
0.5076904296875
-0.49554443359375
-0.87957763671875
0.4202880859375
0.3746337890625
0.07562255859375
-1.106689453125
-0.9139404296875
-0.00469970703125
0.45404052734375
0.42193603515625
0.08135986328125
-0.02874755859375
0.1322021484375
-0.6585693359375
-0.45294189453125
0.0675048828125
0.9390869140625
-0.2008056640625
0.52825927734375
0.26611328125
-0.55078125
-0.31201171875
0.07806396484375
0.03778076171875
-0.4637451171875
-0.11822509765625
0.4244384765625
0.18096923828125
-0.43218994140625
-0.35443115234375
0.68035888671875
-0.3807373046875
0.392578125
0.20751953125
-0.3504638671875
0.1094970703125
0.3760986328125
0.57464599609375
-0.11590576171875
-0.414306640625
-0.3336181640625
0.5140380859375
-0.39520263671875
-0.4169921875
0.85284423828125
-0.19720458984375
-0.16668701171875
-0.11688232421875
-0.5028076171875
-0.42364501953125
0.04571533203125
-0.5850830078125
0.13726806640625
-0.536865234375
0.28265380859375
-0.12713623046875
-0.4017333984375
0.1224365234375
-0.1337890625
-0.5081787109375
0.396728515625
-0.68316650390625
-0.2205810546875
0.20074462890625
0.525634765625
0.32464599609375
1.02655029296875
-0.68072509765625
0.003662109375
-0.52117919921875
0.46484375
0.336669921875
-0.1241455078125
-0.08795166015625
-0.15179443359375
-0.04052734375
0.0457763671875
0.678955078125
0.0904541015625
0.5367431640625
0.833984375
-0.039794921875
0.06597900390625
-0.877685546875
-0.1575927734375
0.42791748046875
0.378662109375
0.6182861328125
0.546875
0.600341796875
0.2679443359375
0.10028076171875
-0.27362060546875
0.57806396484375
0.0963134765625
1.31121826171875
0.23150634765625
-0.37689208984375
-0.0782470703125
-0.3509521484375
-1.0025634765625
0.0458984375
0.845458984375
-0.88385009765625
0.31622314453125
-1.20953369140625
-0.385986328125
1.23590087890625
-0.26629638671875
0.22705078125
-0.27215576171875
0.03375244140625
0.287841796875
0.06585693359375
-0.6119384765625
-0.6505126953125
0.12811279296875
-0.38897705078125
0.86773681640625
-1.03692626953125
-0.71502685546875
-0.28521728515625
0.10577392578125
0.38714599609375
-0.32470703125
-0.6697998046875
-0.4962158203125
-0.36376953125
0.43157958984375
-0.513916015625
0.36724853515625
0.31097412109375
-0.9622802734375
-0.20062255859375
-0.15350341796875
-0.078857421875
-0.71588134765625
-0.54864501953125
-0.7896728515625
0.220458984375
0.1268310546875
-0.18817138671875
-0.02166748046875
-1.43017578125
-0.00946044921875
-0.393310546875
0.48699951171875
0.023681640625
-0.65606689453125
0.44512939453125
0.10723876953125
0.02337646484375
0.95452880859375
-1.14923095703125
0.06170654296875
0.26678466796875
-0.65771484375
-0.43804931640625
-0.79541015625
-0.512451171875
0.2578125
0.28033447265625
-0.13043212890625
0.238037109375
-0.218994140625
0.007568359375
0.58856201171875
-0.60369873046875
0.34222412109375
-0.40997314453125
0.0802001953125
0.27874755859375
-0.12835693359375
-0.1962890625
-0.59295654296875
0.15435791015625
-0.2447509765625
0.53155517578125
0.54107666015625
1.4879150390625
-0.04229736328125
-0.668212890625
-0.72796630859375
-0.279296875
0.443603515625
0.2081298828125
-0.86492919921875
-0.2711181640625
0.65673828125
-0.26910400390625
0.05218505859375
-0.16156005859375
-0.5576171875
-0.24200439453125
-0.12567138671875
0.10784912109375
-0.62896728515625
-0.47052001953125
-0.5069580078125
0.71734619140625
-0.7142333984375
-0.7340087890625
-0.18316650390625
0.183837890625
0.3687744140625
0.2806396484375
-0.273193359375
-0.1104736328125
-0.64013671875
-0.3370361328125
-0.1531982421875
0.3187255859375
0.11602783203125
0.43646240234375
0.04559326171875
-0.73095703125
0.1630859375
-0.17999267578125
0.05462646484375
-0.56060791015625
0.3941650390625
-0.1572265625
-0.8037109375
0.65484619140625
-0.3397216796875
-0.30841064453125
0.3272705078125
-0.04998779296875
-0.6759033203125
0.197998046875
0.00146484375
0.58929443359375
0.17315673828125
-0.13702392578125
-0.10723876953125
-0.21661376953125
0.55841064453125
0.75787353515625
0.2261962890625
-0.74700927734375
-0.57208251953125
-0.25726318359375
-0.66986083984375
0.2833251953125
-0.4549560546875
-0.15570068359375
-0.6309814453125
-0.2545166015625
0.0543212890625
-0.1500244140625
-0.15045166015625
-0.07513427734375
0.0826416015625
0.1585693359375
0.14556884765625
0.180908203125
-0.0753173828125
-0.0218505859375
-0.2542724609375
-0.19775390625
-0.38519287109375
0.29583740234375
0.389404296875
-0.594482421875
0.1279296875
-0.356689453125
-0.778564453125
-0.8455810546875
0.0228271484375
0.46466064453125
-0.22760009765625
-0.35614013671875
0.02984619140625
-0.15509033203125
-0.4722900390625
0.1455078125
0.25921630859375
-0.8575439453125
-0.42706298828125
-0.6282958984375
0.14105224609375
0.99310302734375
-0.284423828125
-0.05548095703125
0.24310302734375
0.89202880859375
0.3560791015625
0.6868896484375
-0.8876953125
-0.7286376953125
0.7318115234375
-0.076904296875
0.910888671875
0.36669921875
-0.8306884765625
-0.44384765625
0.0216064453125
-0.49444580078125
-0.43804931640625
-0.09490966796875
-0.90142822265625
0.27935791015625
0.9537353515625
-0.62652587890625
0.2113037109375
-0.1531982421875
-0.1634521484375
1.00201416015625
-0.89013671875
-0.7928466796875
-0.18292236328125
0.01422119140625
-0.344482421875
0.6820068359375
-0.0179443359375
-0.11627197265625
-0.5323486328125
-1.37762451171875
0.1500244140625
-0.11932373046875
-0.27874755859375
-0.3406982421875
-0.4666748046875
0.05780029296875
0.01116943359375
0.9281005859375
0.3802490234375
-0.23907470703125
0.1229248046875
-0.0833740234375
0.28460693359375
0.108642578125
-0.14434814453125
-0.4708251953125
-0.500732421875
0.15960693359375
-0.0650634765625
-0.08929443359375
0.1529541015625
-0.2646484375
0.509521484375
-0.41949462890625
-0.3487548828125
-0.07940673828125
0.06109619140625
0.14263916015625
0.345703125
-0.15264892578125
-0.7330322265625
-0.01409912109375
-0.60223388671875
0.1654052734375
0.38031005859375
0.41290283203125
-0.23828125
-0.23663330078125
-0.028076171875
-0.09686279296875
0.1141357421875
-0.2086181640625
0.5943603515625
0.4658203125
0.414306640625
-0.11151123046875
-0.458251953125
-0.4794921875
-0.005859375
-0.26812744140625
-0.3802490234375
-0.1607666015625
0.0733642578125
0.33514404296875
0.65802001953125
-0.307861328125
-0.57464599609375
-0.84014892578125
-0.350830078125
-0.6741943359375
-0.315185546875
-0.41448974609375
0.09283447265625
-0.57855224609375
0.58685302734375
-0.19281005859375
0.36285400390625
0.15338134765625
0.728759765625
-0.0458984375
-0.02459716796875
0.07525634765625
0.3438720703125
0.38427734375
0.18896484375
0.435302734375
0.406982421875
-0.0701904296875
-0.20794677734375
0.06060791015625
-0.8072509765625
0.15106201171875
0.0196533203125
-0.14764404296875
-1.131103515625
-0.020751953125
0.28460693359375
-0.39251708984375
-0.5496826171875
-0.266845703125
-0.1634521484375
-0.18988037109375
0.37884521484375
0.03753662109375
-0.0792236328125
0.1962890625
0.08465576171875
-0.92730712890625
-0.37701416015625
0.69537353515625
-1.275146484375
-0.346435546875
-0.09735107421875
-0.9539794921875
-0.09442138671875
0.27020263671875
0.50341796875
-0.25390625
-0.4949951171875
-0.997314453125
-0.53326416015625
-0.06048583984375
-0.498046875
-0.24609375
0.0072021484375
-0.19952392578125
0.3912353515625
0.17291259765625
0.20074462890625
-0.17791748046875
-0.37188720703125
-0.369140625
-0.50408935546875
0.33575439453125
0.03265380859375
0.147216796875
-1.1143798828125
-0.546875
-0.09259033203125
0.0621337890625
0.06201171875
0.1329345703125
0.31536865234375
0.05572509765625
-0.317138671875
-0.58624267578125
0.34234619140625
0.75982666015625
0.4034423828125
-0.5240478515625
0.1295166015625
0.2791748046875
-0.16119384765625
-0.2103271484375
-0.4549560546875
-0.68267822265625
0.25457763671875
0.340576171875
0.31072998046875
0.57135009765625
-1.24896240234375
-0.21435546875
0.385009765625
-0.082275390625
-0.3447265625
-0.77862548828125
-0.3936767578125
0.4122314453125
-0.7755126953125
0.0399169921875
0.22271728515625
0.572509765625
-0.0277099609375
-0.3138427734375
-0.109619140625
-0.43780517578125
-0.618408203125
-0.1485595703125
0.03375244140625
0.00921630859375
0.89556884765625
-0.1422119140625
-0.81292724609375
-0.0250244140625
0.2906494140625
0.1353759765625
-0.15283203125
-0.48834228515625
-0.37841796875
-0.20343017578125
0.694091796875
0.12799072265625
-1.66143798828125
-0.07080078125
0.01458740234375
0.084716796875
-0.53411865234375
-0.476806640625
0.5562744140625
0.62567138671875
-0.44183349609375
0.02215576171875
-0.1905517578125
-0.200927734375
-0.83819580078125
-0.33404541015625
-0.65142822265625
-0.22662353515625
-0.0357666015625
-0.24853515625
-0.05621337890625
0.37054443359375
-0.3409423828125
-0.11663818359375
-0.11273193359375
-0.52593994140625
-0.0439453125
-0.05389404296875
-0.0611572265625
0.38037109375
-0.20013427734375
0.0396728515625
0.45416259765625
-0.07830810546875
0.17999267578125
-0.48175048828125
0.20733642578125
-0.0079345703125
-0.36419677734375
-0.49774169921875
0.45635986328125
-0.0369873046875
0.482177734375
-0.35546875
0.54669189453125
0.37542724609375
0.0302734375
-0.14996337890625
0.5626220703125
0.3807373046875
-0.1593017578125
-0.64385986328125
0.1796875
-0.3612060546875
0.15045166015625
0.3848876953125
0.16790771484375
0.21405029296875
0.45416259765625
-0.36773681640625
-0.17694091796875
-0.494384765625
-0.529052734375
-0.13092041015625
0.36505126953125
-0.41400146484375
0.42181396484375
-0.08880615234375
-0.5811767578125
-0.03887939453125
-0.307861328125
-0.22027587890625
0.4022216796875
0.62542724609375
-0.2689208984375
-0.577392578125
-0.56134033203125
0.03271484375
-0.41485595703125
0.06683349609375
0.2344970703125
0.139404296875
-0.7889404296875
-0.7530517578125
-0.6724853515625
0.038818359375
-0.07537841796875
-0.19329833984375
-0.38037109375
-0.40838623046875
0.09320068359375
-0.1905517578125
0.249267578125
-0.7685546875
-0.35150146484375
0.02459716796875
-0.27142333984375
-0.378173828125
-0.18414306640625
-0.40283203125
-0.03271484375
0.49102783203125
-0.10888671875
-0.47918701171875
-0.93157958984375
-0.006103515625
0.3905029296875
0.2464599609375
-0.3421630859375
0.2392578125
0.957275390625
-0.49749755859375
0.0721435546875
-0.36785888671875
-0.388916015625
0.25762939453125
-0.2139892578125
0.325439453125
0.177490234375
-0.25665283203125
-1.300537109375
-0.09246826171875
-0.19232177734375
0.3525390625
0.347900390625
-0.40032958984375
-0.75201416015625
-0.85321044921875
0.2314453125
0.47613525390625
1.44805908203125
0.1297607421875
-0.11279296875
0.10919189453125
0.49365234375
0.281982421875
-0.11322021484375
-1.0333251953125
-0.39239501953125
1.136962890625
0.3531494140625
0.49566650390625
0.0914306640625
-0.50921630859375
0.05169677734375
0.18304443359375
-0.37481689453125
0.53448486328125
-0.23114013671875
0.29461669921875
0.12335205078125
-0.6103515625
-0.552978515625
0.07562255859375
0.67926025390625
1.12506103515625
0.06060791015625
-0.628173828125
-0.15325927734375
-0.53619384765625
0.1031494140625
-0.43756103515625
0.4486083984375
0.46466064453125
-0.66778564453125
-0.70880126953125
0.06976318359375
-1.273681640625
0.15533447265625
-0.41644287109375
-0.5345458984375
0.08538818359375
-0.2177734375
0.1591796875
0.28662109375
-0.98834228515625
0.39501953125
0.26416015625
-0.5694580078125
0.015869140625
-1.30072021484375
-0.66064453125
-0.5621337890625
-0.094970703125
-0.44427490234375
0.1844482421875
-0.57470703125
-0.6107177734375
-0.3642578125
-0.47613525390625
0.06976318359375
-0.73779296875
-0.5577392578125
0.0390625
-0.17315673828125
-0.95269775390625
-0.15643310546875
0.3931884765625
-0.33099365234375
-0.18572998046875
0.02105712890625
0.04278564453125
-0.4051513671875
-1.0723876953125
0.21087646484375
0.26776123046875
0.4466552734375
-0.1209716796875
0.66619873046875
-0.00714111328125
0.428955078125
0.34014892578125
0.2003173828125
0.0904541015625
-0.01812744140625
0.1583251953125
-0.71026611328125
-0.26531982421875
-0.24444580078125
-0.4879150390625
-0.15496826171875
-0.28326416015625
0.33929443359375
0.62933349609375
-0.040771484375
-0.536865234375
-0.02880859375
-0.33349609375
-0.2860107421875
-0.62017822265625
-0.29364013671875
0.54522705078125
0.04193115234375
0.09564208984375
-0.2593994140625
-0.15704345703125
-0.77716064453125
-0.37408447265625
-0.15936279296875
0.0814208984375
-0.47509765625
-0.30377197265625
-0.01251220703125
0.31878662109375
0.17144775390625
-0.03076171875
-0.6707763671875
-0.62103271484375
0.40460205078125
-0.67510986328125
-0.20025634765625
0.2061767578125
0.60107421875
-0.1710205078125
-0.2557373046875
-0.61114501953125
-0.0986328125
-0.0164794921875
0.21826171875
0.15087890625
-0.1546630859375
-0.4188232421875
-0.42266845703125
-0.60833740234375
-0.58624267578125
0.14605712890625
-0.53070068359375
-0.223876953125
-0.443359375
-0.81414794921875
-0.43927001953125
-0.415771484375
-0.3865966796875
-0.0087890625
0.26385498046875
0.30108642578125
-0.26373291015625
-0.203125
-0.23602294921875
-0.360595703125
-0.42718505859375
-0.0621337890625
0.43017578125
-0.078125
0.6378173828125
0.26580810546875
-0.50421142578125
0.2935791015625
0.16192626953125
0.499755859375
0.6236572265625
-0.550537109375
0.01483154296875
-0.0538330078125
-0.24737548828125
-0.36669921875
-0.80908203125
0.53460693359375
-0.0697021484375
-0.3863525390625
-0.98089599609375
0.16375732421875
-0.68292236328125
0.86181640625
0.1658935546875
-0.14581298828125
0.177490234375
-0.0897216796875
-0.28338623046875
-0.21563720703125
-0.94683837890625
-0.3175048828125
-0.16461181640625
0.08111572265625
0.205322265625
-0.30963134765625
-0.49139404296875
0.1678466796875
-0.28692626953125
-0.4857177734375
0.26666259765625
0.02984619140625
-0.93695068359375
-0.09710693359375
0.1492919921875
-0.3958740234375
0.79620361328125
-1.29962158203125
0.0745849609375
0.51324462890625
-0.710205078125
0.44989013671875
-0.91351318359375
-1.06488037109375
0.09686279296875
-0.2998046875
-0.13031005859375
0.33148193359375
-1.58343505859375
-0.94244384765625
0.420166015625
-1.0560302734375
0.6470947265625
-0.5635986328125
-0.9132080078125
0.25103759765625
-0.67095947265625
0.94696044921875
0.05810546875
-0.71826171875
0.022216796875
0.6094970703125
-0.0238037109375
-0.2955322265625
-0.63397216796875
-1.0313720703125
0.00164794921875
0.04083251953125
0.05938720703125
1.25518798828125
-0.9886474609375
-0.0858154296875
0.6878662109375
-0.60089111328125
0.215087890625
-0.43658447265625
0.00787353515625
0.4844970703125
-0.38507080078125
-0.85919189453125
0.20294189453125
-0.16912841796875
-0.56182861328125
-0.151123046875
0.07867431640625
-0.36669921875
-0.5804443359375
-0.417724609375
0.33685302734375
0.776611328125
-0.3558349609375
0.53094482421875
0.48175048828125
-0.50103759765625
0.3251953125
0.184814453125
-0.7303466796875
0.3067626953125
0.2034912109375
-0.0458984375
-0.13226318359375
0.09918212890625
-0.27203369140625
-0.130615234375
0.5816650390625
-0.0516357421875
0.1502685546875
0.0631103515625
-0.20703125
-0.30950927734375
-0.29925537109375
-0.7696533203125
-0.01922607421875
0.46673583984375
0.20648193359375
-0.2115478515625
0.66534423828125
-0.34637451171875
0.62908935546875
0.10040283203125
-0.5806884765625
0.08502197265625
0.025146484375
0.1982421875
0.481689453125
-0.1082763671875
0.53314208984375
0.583740234375
0.11480712890625
-0.24017333984375
-0.14837646484375
0.63153076171875
0.11346435546875
-0.5067138671875
-0.1383056640625
0.05780029296875
-0.41546630859375
-0.10858154296875
-0.1485595703125
0.35150146484375
-0.18701171875
-0.480224609375
-0.38116455078125
-0.46282958984375
-0.36065673828125
-0.1412353515625
-0.200439453125
-0.16510009765625
0.52862548828125
0.323974609375
-0.92486572265625
-0.57708740234375
-0.21966552734375
0.68927001953125
0.0321044921875
-0.00262451171875
-0.46710205078125
0.568603515625
-0.5172119140625
-0.1370849609375
0.7369384765625
-0.979736328125
-0.32623291015625
-0.18438720703125
-0.19091796875
-0.3709716796875
0.2982177734375
-0.9251708984375
-0.15167236328125
0.38818359375
-0.5379638671875
0.16558837890625
0.08868408203125
0.10662841796875
0.935302734375
-0.004150390625
0.236572265625
-0.3841552734375
-0.8070068359375
0.1273193359375
0.48309326171875
0.13140869140625
-0.0797119140625
0.39971923828125
0.15399169921875
-0.75115966796875
-0.2835693359375
1.304443359375
0.15972900390625
-0.26629638671875
-0.6026611328125
0.382568359375
-0.2454833984375
-0.247802734375
-1.02825927734375
0.18743896484375
-0.3861083984375
-0.11932373046875
-0.083740234375
0.031982421875
0.5445556640625
-0.78497314453125
0.29937744140625
1.1427001953125
-0.1265869140625
-1.05084228515625
0.03558349609375
0.59149169921875
-0.56060791015625
0.40618896484375
-0.39129638671875
-1.003173828125
0.4677734375
1.662841796875
-1.213134765625
-0.19482421875
-0.96783447265625
-0.69805908203125
0.66168212890625
0.12890625
1.09051513671875
0.6361083984375
-0.74072265625
-0.0782470703125
-0.7908935546875
-0.41815185546875
-0.20819091796875
-0.58441162109375
-1.05718994140625
0.18896484375
0.94635009765625
0.000732421875
0.4827880859375
-0.791015625
-0.32232666015625
-0.14361572265625
0.20751953125
0.0472412109375
-0.65228271484375
0.07733154296875
-0.1708984375
0.48565673828125
0.142333984375
-0.48443603515625
0.54498291015625
-0.19281005859375
-0.01513671875
0.1246337890625
-0.10003662109375
-0.91412353515625
-0.263427734375
-0.0350341796875
-0.41290283203125
0.06732177734375
-0.6202392578125
0.03765869140625
0.0382080078125
0.32025146484375
0.272216796875
0.69305419921875
0.06719970703125
0.1624755859375
-0.1112060546875
0.38311767578125
-0.34100341796875
-0.30572509765625
-0.7117919921875
0.072998046875
0.67620849609375
-0.41534423828125
-0.0201416015625
-0.22442626953125
-0.79437255859375
0.40020751953125
0.296142578125
-0.23223876953125
0.35198974609375
-0.24114990234375
0.08709716796875
-0.404541015625
-1.00750732421875
-1.35137939453125
0.05218505859375
-0.02410888671875
0.07989501953125
-0.12640380859375
-0.23095703125
-0.06890869140625
-0.3782958984375
-0.16766357421875
-0.68280029296875
-0.284423828125
0.58428955078125
-0.5645751953125
0.37237548828125
-0.5059814453125
0.26593017578125
-0.32501220703125
-0.2213134765625
0.1717529296875
0.2694091796875
-0.328369140625
-0.562744140625
0.64422607421875
-0.07427978515625
0.27777099609375
0.36492919921875
-0.59002685546875
0.3909912109375
-0.1951904296875
0.47491455078125
0.3472900390625
0.27276611328125
-0.63983154296875
-0.21221923828125
-0.7662353515625
0.01605224609375
-0.81463623046875
-0.72222900390625
0.22564697265625
0.66973876953125
-0.17169189453125
-1.1904296875
-0.2696533203125
-0.277099609375
-0.61529541015625
0.47149658203125
-0.84588623046875
0.08294677734375
-0.48046875
-0.818359375
-0.35260009765625
-0.4771728515625
-0.1627197265625
-0.3800048828125
0.202392578125
-0.52777099609375
-0.3646240234375
0.0770263671875
0.0347900390625
-0.435546875
-0.3699951171875
-0.4769287109375
-0.258056640625
-0.15594482421875
0.45941162109375
-0.2679443359375
0.1502685546875
-0.232666015625
-0.76922607421875
-0.02008056640625
-0.2061767578125
-0.16845703125
-0.56524658203125
0.13397216796875
-0.40997314453125
-0.42242431640625
-1.25396728515625
-0.91265869140625
0.25946044921875
0.5203857421875
0.85455322265625
-0.02947998046875
-0.17999267578125
-0.43194580078125
0.34246826171875
-0.88800048828125
-1.2882080078125
0.5731201171875
0.1142578125
0.77459716796875
-0.8033447265625
-0.242919921875
-0.885986328125
0.06195068359375
-0.03680419921875
-0.42388916015625
-0.58953857421875
0.209228515625
0.25775146484375
0.10205078125
-0.82659912109375
0.31280517578125
0.667236328125
-0.153564453125
0.60040283203125
-0.29168701171875
-0.96478271484375
-1.00238037109375
-0.7381591796875
-0.71185302734375
0.9537353515625
0.1689453125
0.50408935546875
0.62445068359375
-1.2550048828125
0.03668212890625
-0.306884765625
-0.296142578125
0.13568115234375
-0.59442138671875
0.223876953125
0.96429443359375
0.6944580078125
-0.45989990234375
-0.350341796875
-0.1180419921875
0.28277587890625
0.39697265625
-0.085205078125
-0.0560302734375
-0.38519287109375
-0.0782470703125
-0.0999755859375
-0.12469482421875
-0.166748046875
-0.1492919921875
-0.0775146484375
0.29095458984375
0.26800537109375
-1.0797119140625
-0.42755126953125
-0.320068359375
-0.14373779296875
-0.31072998046875
-0.021484375
0.02191162109375
-0.4276123046875
0.3004150390625
-0.31512451171875
-0.68206787109375
0.16522216796875
-0.312744140625
-0.36810302734375
-0.0882568359375
0.10577392578125
-0.69342041015625
-0.41387939453125
-0.004150390625
0.04254150390625
-0.0565185546875
0.01129150390625
0.27862548828125
-0.91546630859375
-0.55059814453125
-0.601318359375
0.012939453125
-0.2431640625
-0.3487548828125
-0.4703369140625
-0.14129638671875
0.27911376953125
-0.5245361328125
0.35980224609375
-0.926513671875
-0.248779296875
0.10479736328125
-0.2591552734375
-0.15374755859375
0.31884765625
-0.81866455078125
-0.33489990234375
-0.835205078125
-0.41204833984375
0.16546630859375
0.11614990234375
-0.9549560546875
0.80389404296875
0.377685546875
-0.1094970703125
0.1480712890625
0.21026611328125
-0.522705078125
-0.3441162109375
0.02490234375
-0.031982421875
-0.2879638671875
0.13812255859375
-0.19757080078125
-0.812744140625
-0.53155517578125
-0.0833740234375
-0.15570068359375
-0.1217041015625
0.0906982421875
0.4150390625
-0.893310546875
-0.490966796875
0.26458740234375
0.491455078125
-0.00433349609375
0.14886474609375
-0.0997314453125
-0.350830078125
-0.64508056640625
-0.05517578125
-0.18798828125
-0.53302001953125
0.3428955078125
0.392578125
0.30731201171875
0.60693359375
-0.05950927734375
-0.6357421875
0.02496337890625
0.15106201171875
-0.18524169921875
0.30621337890625
-0.63134765625
-0.07379150390625
0.00433349609375
-0.37274169921875
0.17620849609375
0.2540283203125
0.06683349609375
-0.01776123046875
0.05902099609375
-0.892578125
0.3197021484375
-0.4798583984375
0.13287353515625
-0.1824951171875
-0.284423828125
-0.9619140625
-0.0859375
-1.18231201171875
0.40777587890625
0.6859130859375
1.1334228515625
-0.240478515625
-0.7723388671875
-1.70465087890625
-0.9229736328125
-0.0203857421875
-0.4195556640625
0.2869873046875
-0.37762451171875
0.3773193359375
0.0009765625
0.019287109375
-0.990234375
-0.4747314453125
-1.2799072265625
0.0777587890625
1.4461669921875
-0.08319091796875
0.769775390625
-0.0880126953125
-0.24755859375
0.3076171875
-0.12060546875
-0.63970947265625
-0.09088134765625
0.39111328125
0.2635498046875
0.60906982421875
-0.48431396484375
-0.78765869140625
0.5989990234375
0.2021484375
0.4080810546875
0.8375244140625
-0.57586669921875
-1.0238037109375
-0.479736328125
-0.8033447265625
0.4063720703125
0.011474609375
-0.691650390625
0.35296630859375
-1.1295166015625
-0.58050537109375
1.05084228515625
-0.4886474609375
-0.2320556640625
0.09625244140625
-0.3553466796875
0.84796142578125
-0.06036376953125
-0.49896240234375
0.19415283203125
0.08953857421875
-0.0491943359375
-0.72296142578125
-1.49615478515625
-0.2578125
0.18121337890625
0.2728271484375
0.218505859375
-0.3336181640625
-0.86474609375
0.1571044921875
-0.650634765625
-0.4893798828125
0.11767578125
-0.3017578125
0.959716796875
0.00250244140625
0.05291748046875
0.3848876953125
-0.27777099609375
0.1063232421875
-0.4027099609375
-0.59747314453125
-0.63409423828125
-0.14337158203125
0.5379638671875
-0.039794921875
0.0809326171875
-0.23126220703125
0.29559326171875
-0.35467529296875
-0.63232421875
-0.492431640625
-0.382080078125
0.53009033203125
-0.22967529296875
0.24853515625
0.30426025390625
-0.163330078125
-0.09039306640625
0.40509033203125
0.082275390625
0.4091796875
-0.7437744140625
-0.0084228515625
-0.1563720703125
-0.6876220703125
-0.10223388671875
0.710693359375
-0.10009765625
-0.28106689453125
0.25787353515625
-0.737548828125
-0.2081298828125
-0.44427490234375
-0.0823974609375
-0.43914794921875
-0.3719482421875
0.11474609375
0.82611083984375
-0.26495361328125
-0.5003662109375
-0.30670166015625
-0.36700439453125
0.2713623046875
-0.4403076171875
-0.50579833984375
-0.3804931640625
0.19097900390625
0.8089599609375
0.25482177734375
0.02557373046875
0.19378662109375
0.21356201171875
-0.2113037109375
0.00592041015625
0.5963134765625
-0.34417724609375
1.21966552734375
0.5697021484375
-0.46051025390625
-0.24932861328125
0.752685546875
0.2598876953125
-0.0513916015625
0.33746337890625
0.20281982421875
0.19354248046875
-0.16754150390625
-0.6492919921875
0.423095703125
0.390869140625
0.048828125
0.8021240234375
0.7008056640625
0.34515380859375
-0.2711181640625
-0.48291015625
-0.12530517578125
-0.20745849609375
-0.26715087890625
0.31304931640625
-0.5208740234375
-0.1224365234375
0.51055908203125
0.27752685546875
0.77154541015625
-0.23956298828125
-0.5216064453125
-0.7838134765625
-0.457275390625
-0.27435302734375
-0.03118896484375
0.42889404296875
0.52850341796875
-0.0384521484375
-0.231689453125
0.06793212890625
0.77386474609375
-0.28729248046875
-0.46759033203125
0.19671630859375
-0.0081787109375
-0.25640869140625
-1.2957763671875
0.01416015625
0.99200439453125
-0.54852294921875
0.45916748046875
-0.45159912109375
0.72149658203125
0.13360595703125
0.0694580078125
-0.2242431640625
-0.542724609375
-0.0230712890625
0.11761474609375
0.656005859375
-0.00689697265625
-1.0103759765625
-0.19525146484375
0.2506103515625
0.2392578125
0.09912109375
-1.25360107421875
-0.421142578125
0.10394287109375
-1.0472412109375
-1.04119873046875
0.55926513671875
-0.313720703125
-0.08209228515625
0.24639892578125
-0.47991943359375
-0.83599853515625
-1.26220703125
-0.362548828125
0.41815185546875
-0.10272216796875
0.4798583984375
0.7545166015625
-0.4844970703125
-1.38751220703125
-0.2940673828125
-0.404052734375
0.54766845703125
-0.6365966796875
-1.20220947265625
1.23291015625
1.0213623046875
0.02667236328125
-0.8895263671875
-0.5164794921875
-0.5572509765625
-0.221435546875
-0.00201416015625
0.19354248046875
-0.3265380859375
-0.70526123046875
0.6094970703125
-0.2718505859375
-0.30364990234375
-0.31951904296875
-0.12152099609375
-0.96142578125
0.52655029296875
0.15740966796875
-0.70684814453125
-0.37286376953125
0.50286865234375
0.05267333984375
0.219970703125
0.01275634765625
-0.046630859375
-0.02581787109375
-0.80706787109375
0.044189453125
1.09051513671875
-0.28564453125
0.2462158203125
0.7869873046875
-0.584716796875
0.09954833984375
-0.37872314453125
-0.2674560546875
-0.08154296875
0.323486328125
-0.360595703125
0.20892333984375
0.408935546875
-0.91229248046875
-0.9326171875
0.8111572265625
0.3775634765625
-0.3389892578125
-0.29364013671875
1.08282470703125
-0.041259765625
-0.37493896484375
-0.119873046875
0.2188720703125
0.12493896484375
-0.84161376953125
-0.51336669921875
0.58880615234375
0.2720947265625
-0.2974853515625
0.309326171875
-0.52032470703125
-0.34747314453125
-0.04437255859375
-0.17816162109375
-0.83367919921875
-0.244140625
-0.87457275390625
0.35296630859375
-0.44378662109375
-0.586669921875
-0.16876220703125
-0.2509765625
-0.23944091796875
0.10699462890625
-0.35650634765625
-0.68475341796875
-0.18609619140625
-1.14703369140625
-0.2646484375
0.0601806640625
0.012451171875
-0.3355712890625
-0.64422607421875
-0.17547607421875
-0.45123291015625
-0.3074951171875
-0.3929443359375
-0.38177490234375
-0.143798828125
-0.026123046875
0.30535888671875
-0.204345703125
0.0145263671875
-0.82012939453125
-0.16680908203125
0.1343994140625
-0.39141845703125
-0.057373046875
0.27911376953125
0.03045654296875
0.35406494140625
0.0546875
0.11346435546875
0.30401611328125
-0.12176513671875
0.014404296875
-0.3956298828125
0.3280029296875
-0.3736572265625
-0.47821044921875
0.4464111328125
0.0068359375
-0.16455078125
0.162841796875
1.1015625
-0.64886474609375
-0.20123291015625
0.5845947265625
0.51739501953125
0.16412353515625
0.03887939453125
-0.25128173828125
0.39312744140625
-0.47784423828125
-0.10382080078125
0.33184814453125
-0.07489013671875
-0.35552978515625
-0.03302001953125
0.1002197265625
0.94769287109375
0.36151123046875
0.47149658203125
-1.048583984375
0.30133056640625
0.3419189453125
-0.46807861328125
-0.989501953125
0.013427734375
0.1715087890625
0.49481201171875
-0.3104248046875
-0.26171875
-0.203369140625
-0.90826416015625
0.2269287109375
1.09405517578125
-0.67816162109375
-0.15118408203125
0.2403564453125
0.55145263671875
-0.3670654296875
-1.19183349609375
0.08770751953125
-0.0325927734375
0.94677734375
0.24407958984375
-0.62005615234375
-0.58917236328125
-0.9320068359375
-1.55804443359375
-0.11639404296875
0.14105224609375
0.281982421875
0.92767333984375
0.551025390625
-1.1124267578125
-0.6943359375
-0.8253173828125
0.8353271484375
0.0826416015625
-0.75091552734375
0.59674072265625
0.21197509765625
-0.1658935546875
-0.93365478515625
-1.26812744140625
-0.15020751953125
0.28204345703125
0.1492919921875
0.18817138671875
-0.49871826171875
-0.44439697265625
0.6875
-0.02569580078125
-0.79815673828125
0.2469482421875
0.3638916015625
-0.8399658203125
-0.094970703125
0.28955078125
-0.05413818359375
-0.9044189453125
-0.09979248046875
-0.0703125
0.04583740234375
-0.31817626953125
0.6005859375
-0.3671875
-0.01300048828125
-0.42242431640625
-0.4134521484375
-0.1820068359375
0.259521484375
-0.05316162109375
0.27178955078125
0.01177978515625
0.2452392578125
0.41583251953125
-0.08306884765625
-0.234619140625
0.8359375
-0.018798828125
0.50030517578125
0.27984619140625
-0.1630859375
-0.30633544921875
-0.211181640625
0.04107666015625
-0.19366455078125
0.11468505859375
0.34454345703125
-0.39129638671875
0.268310546875
0.06988525390625
-0.05535888671875
0.2049560546875
-0.19744873046875
0.4765625
-0.08447265625
0.026611328125
-0.72235107421875
-0.12890625
-0.30487060546875
0.2012939453125
0.0498046875
-0.79327392578125
-0.1962890625
0.615966796875
0.0401611328125
-0.11029052734375
-0.5189208984375
-0.13519287109375
0.8017578125
-0.36737060546875
0.3458251953125
0.16522216796875
-0.0042724609375
0.09375
0.21527099609375
-0.79205322265625
-0.159423828125
-0.02996826171875
0.2615966796875
0.37774658203125
-0.1005859375
0.16009521484375
0.4429931640625
-0.54620361328125
0.0455322265625
-0.3040771484375
-0.151123046875
-0.52532958984375
0.16021728515625
0.12957763671875
-0.11077880859375
-0.16876220703125
-0.50152587890625
-0.29901123046875
0.05279541015625
-0.4910888671875
-0.23779296875
-0.32769775390625
-0.01373291015625
-0.52044677734375
0.5469970703125
0.0828857421875
-0.49713134765625
0.03289794921875
-0.61981201171875
-0.69927978515625
-0.42547607421875
-0.19110107421875
-0.15948486328125
0.1256103515625
-0.44012451171875
-0.22418212890625
-0.3482666015625
-0.408935546875
-0.6866455078125
-0.2325439453125
-0.14483642578125
0.44158935546875
-0.77056884765625
0.07342529296875
0.344970703125
0.23565673828125
0.1427001953125
0.8638916015625
0.0247802734375
-1.2889404296875
-0.6949462890625
-0.89044189453125
0.4921875
0.6015625
-0.01959228515625
0.089111328125
0.0361328125
0.08624267578125
-0.1551513671875
-0.12109375
-0.35443115234375
-0.38531494140625
-0.2529296875
-0.9244384765625
0.67315673828125
-0.95556640625
-0.88116455078125
0.96295166015625
0.080322265625
0.1552734375
0.32275390625
0.27337646484375
-0.05718994140625
0.43060302734375
-0.22210693359375
-0.24664306640625
0.5562744140625
-0.04949951171875
0.38165283203125
-0.072509765625
-0.1622314453125
0.34283447265625
-1.064453125
-0.49615478515625
-0.57965087890625
-1.125732421875
0.45758056640625
1.02435302734375
0.1376953125
-1.03680419921875
-0.28851318359375
-0.73699951171875
0.1961669921875
-0.132568359375
-1.15814208984375
-0.23248291015625
0.319091796875
0.0848388671875
0.3795166015625
-1.30792236328125
0.2398681640625
-0.26507568359375
-1.2015380859375
-0.178466796875
-0.2310791015625
-0.3302001953125
-0.00946044921875
-0.36767578125
-0.20721435546875
0.00091552734375
-0.17486572265625
-0.29571533203125
0.3271484375
0.1568603515625
-0.100830078125
0.2537841796875
-0.33624267578125
-0.49224853515625
0.2445068359375
0.49237060546875
0.7158203125
0.09686279296875
-0.60089111328125
0.32049560546875
0.02783203125
-0.62548828125
-0.128173828125
0.076416015625
1.0849609375
0.35174560546875
-0.369384765625
-0.2392578125
0.162109375
-0.86383056640625
-0.1090087890625
0.1141357421875
-0.10845947265625
0.52642822265625
-0.1600341796875
0.0692138671875
-0.31524658203125
0.13421630859375
0.089599609375
-0.73779296875
-0.55419921875
0.06011962890625
-0.5250244140625
-0.260986328125
-0.94781494140625
-0.0106201171875
-0.12213134765625
-0.00067138671875
0.01318359375
0.38946533203125
0.44061279296875
-0.3389892578125
0.4588623046875
-0.42730712890625
-0.07745361328125
-0.4774169921875
-0.0419921875
0.209716796875
-0.3778076171875
-0.39263916015625
0.67864990234375
0.259521484375
-0.54437255859375
-0.22698974609375
0.0093994140625
-0.24713134765625
-0.27178955078125
-0.38543701171875
0.36676025390625
0.322509765625
0.673095703125
-0.61712646484375
-0.39678955078125
0.7557373046875
-0.29595947265625
-0.47406005859375
-1.10223388671875
-0.61126708984375
-0.1173095703125
0.31494140625
0.0321044921875
0.07623291015625
-0.18133544921875
-1.07635498046875
-0.4822998046875
0.12530517578125
-0.16522216796875
-0.275146484375
-0.1190185546875
-0.58111572265625
0.0960693359375
0.20751953125
0.40911865234375
-0.341552734375
-0.02850341796875
-0.42059326171875
0.50372314453125
-0.81103515625
-0.7530517578125
-0.0198974609375
-0.62799072265625
-0.5106201171875
-0.3145751953125
0.30523681640625
0.03729248046875
-0.48297119140625
0.370361328125
0.08740234375
-0.72174072265625
0.34088134765625
0.2799072265625
-0.45965576171875
0.519775390625
-0.31561279296875
-0.3642578125
0.1015625
0.39447021484375
-0.4498291015625
-0.350830078125
-0.418212890625
-0.76605224609375
-0.7384033203125
-0.1943359375
1.28564453125
0.8358154296875
-0.31597900390625
-1.42041015625
-0.2188720703125
0.58526611328125
0.3497314453125
-0.04217529296875
-0.05328369140625
0.211669921875
0.13446044921875
0.9024658203125
-0.07000732421875
-0.04150390625
-0.5091552734375
-0.2979736328125
0.16845703125
-0.70184326171875
-0.37017822265625
0.00408935546875
0.72357177734375
-0.458251953125
-1.21600341796875
-0.0909423828125
-0.68133544921875
0.48052978515625
0.3299560546875
-0.87188720703125
0.10498046875
-0.77630615234375
-1.57391357421875
0.05078125
1.18670654296875
-0.484130859375
0.7159423828125
0.00860595703125
-0.8936767578125
0.12640380859375
0.0655517578125
-1.05853271484375
-0.87908935546875
0.4451904296875
-0.23504638671875
-0.85296630859375
0.50372314453125
0.57012939453125
0.006103515625
-1.2117919921875
-0.2579345703125
-0.01043701171875
-0.38214111328125
-0.704833984375
-0.8206787109375
-0.4788818359375
0.20147705078125
0.6087646484375
-0.73443603515625
0.58453369140625
0.0198974609375
-0.7852783203125
-0.1810302734375
-0.49310302734375
0.65814208984375
0.08319091796875
-0.20220947265625
-0.08697509765625
-0.61773681640625
-0.1534423828125
-0.11920166015625
0.34918212890625
-0.6982421875
0.58465576171875
0.7283935546875
0.04608154296875
-0.0152587890625
-0.3740234375
-0.6492919921875
-0.1849365234375
-0.47137451171875
-0.70794677734375
-0.54473876953125
0.0523681640625
0.1043701171875
-0.50543212890625
-0.872802734375
-0.088623046875
-0.103515625
0.20855712890625
-0.1744384765625
-0.24249267578125
0.24249267578125
0.147705078125
0.34765625
0.07391357421875
0.55401611328125
-0.4677734375
-0.31353759765625
-0.11590576171875
-0.3267822265625
-0.44775390625
0.6566162109375
0.04083251953125
0.5333251953125
0.76220703125
-0.1435546875
-0.1815185546875
0.26318359375
-0.076416015625
-0.7989501953125
0.37127685546875
-0.53607177734375
0.0250244140625
0.28558349609375
-0.09136962890625
-0.67059326171875
-0.77056884765625
-0.7952880859375
-0.20947265625
0.11212158203125
0.1781005859375
0.1678466796875
0.19488525390625
-0.6195068359375
-0.15484619140625
-0.2447509765625
0.12164306640625
-0.19122314453125
-0.57537841796875
-0.07904052734375
0.13055419921875
-0.71697998046875
-0.731689453125
0.08013916015625
0.11444091796875
-0.90875244140625
-0.29718017578125
-0.42547607421875
-0.76654052734375
-0.95556640625
-0.1956787109375
-0.58380126953125
0.05419921875
-0.4930419921875
-0.83331298828125
-0.33294677734375
-0.18621826171875
0.05047607421875
-1.19488525390625
-0.3502197265625
0.13726806640625
-0.46929931640625
0.10260009765625
0.08587646484375
0.26934814453125
-0.0908203125
0.134521484375
-0.34295654296875
-0.2542724609375
-0.27825927734375
0.06304931640625
-0.838623046875
0.2010498046875
-0.14935302734375
-0.0003662109375
0.13580322265625
-0.513671875
-0.0123291015625
0.45208740234375
0.407958984375
-0.6422119140625
-1.35858154296875
-0.076416015625
0.33807373046875
0.8359375
-0.42462158203125
-0.90771484375
-0.09637451171875
0.56854248046875
-0.73614501953125
0.46746826171875
-0.97418212890625
-0.0419921875
0.4544677734375
0.4063720703125
-0.09307861328125
0.3765869140625
-0.9796142578125
-1.20843505859375
0.70184326171875
-0.81842041015625
-0.62738037109375
-0.14471435546875
-0.7928466796875
-0.375244140625
0.28076171875
-0.331787109375
-0.21563720703125
0.37603759765625
-0.42279052734375
0.78973388671875
-1.099609375
-0.4249267578125
-0.14984130859375
-0.54913330078125
-0.14129638671875
0.31060791015625
1.47613525390625
0.12908935546875
-1.04705810546875
-0.9871826171875
0.66839599609375
0.53851318359375
-0.610107421875
0.23785400390625
-0.67584228515625
-0.35723876953125
-0.047119140625
0.2637939453125
-0.2633056640625
-1.3348388671875
-0.163818359375
0.46234130859375
-0.014404296875
-1.05560302734375
-0.02911376953125
0.1668701171875
-0.09747314453125
0.07366943359375
0.362548828125
-0.1815185546875
0.1563720703125
-0.15167236328125
-0.4149169921875
-0.6971435546875
0.44378662109375
0.42718505859375
0.6785888671875
0.22955322265625
-0.6717529296875
0.10736083984375
-0.2723388671875
0.04913330078125
0.3629150390625
0.001220703125
0.29669189453125
-0.35845947265625
0.16082763671875
-0.0943603515625
-0.32513427734375
0.2503662109375
-0.61590576171875
0.02288818359375
-0.47265625
0.11956787109375
0.3399658203125
0.538818359375
-0.2152099609375
-1.10748291015625
0.4542236328125
-0.09576416015625
-0.62493896484375
-0.28387451171875
0.44677734375
0.007080078125
0.52581787109375
0.9024658203125
-0.79705810546875
-0.6632080078125
-0.8076171875
0.29901123046875
0.01300048828125
0.448486328125
0.198486328125
0.48443603515625
-0.020751953125
-0.0841064453125
0.1302490234375
-0.32550048828125
-1.1478271484375
0.4681396484375
-0.88140869140625
-0.239501953125
-0.61907958984375
-0.37286376953125
-0.54541015625
-0.37396240234375
-0.00518798828125
0.05865478515625
-0.05328369140625
-0.4073486328125
-0.35699462890625
0.36767578125
0.26055908203125
0.22119140625
0.22784423828125
-0.28338623046875
0.29876708984375
0.0592041015625
-0.14862060546875
0.076171875
-0.448974609375
0.443359375
0.19683837890625
0.60455322265625
-0.52911376953125
-0.14801025390625
-0.47674560546875
0.2235107421875
0.10589599609375
0.44549560546875
0.03863525390625
0.09136962890625
-0.6671142578125
0.2542724609375
0.22601318359375
-0.4676513671875
-0.20068359375
0.32745361328125
0.26470947265625
0.353515625
0.1783447265625
0.25927734375
-0.22137451171875
0.11370849609375
-0.29364013671875
-0.42279052734375
0.1292724609375
0.06732177734375
-0.53240966796875
-1.0345458984375
-0.1220703125
-0.0616455078125
0.37615966796875
-0.1925048828125
0.22442626953125
0.1129150390625
-0.62896728515625
-1.48419189453125
-0.85675048828125
-0.506103515625
0.38226318359375
0.28900146484375
-0.17578125
-0.34765625
-0.53729248046875
-1.224853515625
0.43017578125
0.2337646484375
0.56134033203125
-1.0828857421875
-0.35400390625
0.251953125
-0.0748291015625
-0.6328125
-0.5001220703125
-0.7315673828125
-0.49169921875
0.0880126953125
0.14605712890625
0.654296875
-0.34478759765625
-0.53338623046875
1.1343994140625
-0.482666015625
-0.8551025390625
0.72674560546875
0.68988037109375
0.4271240234375
0.7340087890625
-0.33251953125
-0.05010986328125
1.17999267578125
0.6524658203125
0.024658203125
0.31781005859375
-0.53204345703125
-0.2086181640625
-0.29461669921875
-0.60693359375
-0.11322021484375
0.5567626953125
-1.59027099609375
-0.42431640625
-0.9698486328125
-0.40460205078125
1.05078125
0.457275390625
-0.3092041015625
0.18634033203125
-0.8785400390625
0.8292236328125
0.07806396484375
-1.05218505859375
0.03656005859375
-0.01971435546875
-0.0433349609375
0.17791748046875
-0.7122802734375
-0.26190185546875
0.236083984375
0.18414306640625
0.37542724609375
-0.640625
-0.4605712890625
-0.36297607421875
-0.2559814453125
-0.23004150390625
-0.5111083984375
0.0460205078125
-0.26715087890625
-0.6435546875
-0.88470458984375
0.7689208984375
-0.43511962890625
-0.0233154296875
-0.97601318359375
0.2569580078125
0.24658203125
-0.025634765625
-1.0701904296875
-0.360107421875
-0.4271240234375
0.17987060546875
0.19000244140625
-0.27484130859375
0.06158447265625
-0.35064697265625
-0.365234375
0.15045166015625
-0.89111328125
-0.2713623046875
-0.07427978515625
-0.00738525390625
-0.23419189453125
0.18048095703125
-0.747802734375
-0.283447265625
0.3187255859375
-0.20623779296875
0.10174560546875
-0.51806640625
-0.37713623046875
-0.0247802734375
-0.59503173828125
-0.283203125
-0.1036376953125
0.18450927734375
-0.59857177734375
-0.14111328125
-0.478271484375
-0.97119140625
0.1943359375
-0.10089111328125
0.15753173828125
0.21124267578125
-0.410888671875
0.20965576171875
0.0321044921875
-0.49066162109375
-0.0594482421875
0.31689453125
-0.3382568359375
0.12188720703125
0.23626708984375
0.2574462890625
-0.67547607421875
-0.1580810546875
-0.32037353515625
0.74554443359375
-0.31793212890625
0.192626953125
0.1051025390625
-0.511962890625
-0.45599365234375
0.2694091796875
0.0438232421875
-0.31719970703125
-0.70281982421875
0.2198486328125
-0.72412109375
0.13250732421875
0.044921875
-0.26226806640625
-0.38165283203125
-0.3682861328125
-0.05303955078125
-0.55462646484375
0.19586181640625
-0.088134765625
-0.65911865234375
0.12603759765625
-0.07000732421875
0.34674072265625
0.2596435546875
-0.99163818359375
-0.0003662109375
-0.395263671875
-0.6097412109375
0.71234130859375
-0.11956787109375
0.03936767578125
-0.2166748046875
0.517578125
-0.666748046875
-0.5469970703125
-0.09210205078125
0.01422119140625
0.07623291015625
0.22314453125
-0.08184814453125
-0.4117431640625
-0.05010986328125
0.35955810546875
-0.33905029296875
-0.178466796875
0.29388427734375
-0.29803466796875
0.23028564453125
-0.09527587890625
0.10205078125
0.2030029296875
0.05938720703125
-0.662353515625
-0.25335693359375
0.19000244140625
0.2359619140625
-0.29632568359375
-0.81011962890625
-0.20501708984375
0.3414306640625
-0.80596923828125
0.4803466796875
0.44366455078125
-0.60870361328125
-0.73883056640625
-0.07110595703125
-0.09027099609375
-0.64105224609375
0.4688720703125
-0.209716796875
0.49273681640625
0.21673583984375
-0.55474853515625
0.30877685546875
0.34356689453125
-0.36016845703125
0.5107421875
-0.76904296875
-0.44647216796875
-0.41162109375
-0.298583984375
0.261474609375
0.50897216796875
-0.0048828125
0.082275390625
-0.087890625
-0.73699951171875
0.69708251953125
-0.6456298828125
-0.27880859375
-0.29803466796875
-0.57061767578125
-0.03717041015625
-0.38189697265625
1.42333984375
0.59478759765625
-0.88165283203125
0.062744140625
0.38134765625
0.09075927734375
-0.6446533203125
-0.73980712890625
-0.3521728515625
1.148193359375
0.49951171875
-0.2984619140625
0.40069580078125
-0.49957275390625
-0.56060791015625
0.2301025390625
0.21697998046875
-0.864013671875
0.91339111328125
0.11151123046875
0.4033203125
-0.33721923828125
-0.46148681640625
0.3153076171875
0.205810546875
-0.23876953125
-0.293701171875
1.0933837890625
0.03961181640625
-0.3052978515625
0.18670654296875
0.03582763671875
-0.43389892578125
-0.79058837890625
-0.1260986328125
0.100341796875
0.02447509765625
0.34893798828125
-0.19219970703125
-0.386474609375
-0.73101806640625
0.5274658203125
-0.36126708984375
-0.27276611328125
0.3524169921875
-0.26806640625
0.07537841796875
-0.16497802734375
0.078857421875
0.18206787109375
-1.11328125
-0.19573974609375
-0.52716064453125
0.19024658203125
-0.01409912109375
-0.2047119140625
-0.3377685546875
0.54632568359375
-0.11138916015625
0.07525634765625
0.1812744140625
-0.400634765625
-0.13153076171875
-0.18194580078125
-0.44696044921875
-0.51165771484375
-0.116943359375
0.21685791015625
-0.14508056640625
-0.3367919921875
-0.697021484375
0.43865966796875
0.5394287109375
0.1727294921875
-0.401123046875
-0.389892578125
0.22613525390625
0.18548583984375
-0.33282470703125
0.06390380859375
-0.3585205078125
0.12908935546875
-0.25262451171875
-0.72528076171875
-0.20367431640625
0.59796142578125
0.01544189453125
-0.43902587890625
0.09100341796875
-0.70721435546875
-0.6824951171875
-0.31719970703125
-0.02349853515625
0.2489013671875
0.2159423828125
-0.02166748046875
0.31353759765625
0.15509033203125
0.27203369140625
-0.06195068359375
-0.72735595703125
-0.27850341796875
-0.421875
0.60333251953125
0.05645751953125
-0.5615234375
-0.86737060546875
0.619384765625
0.08642578125
-0.85955810546875
-0.136962890625
0.53680419921875
-0.21929931640625
-0.29730224609375
0.3519287109375
-1.05078125
-0.32611083984375
0.34210205078125
-0.3135986328125
-0.14385986328125
-0.573974609375
0.416015625
0.41131591796875
-0.91949462890625
0.83251953125
-0.33331298828125
-0.58660888671875
0.060302734375
-0.82550048828125
0.05560302734375
0.565673828125
-0.5799560546875
-0.92913818359375
-0.39031982421875
-0.4461669921875
-0.8323974609375
-0.69415283203125
-0.64617919921875
-0.19195556640625
0.348388671875
0.1873779296875
0.21160888671875
0.37884521484375
-1.2445068359375
-0.73223876953125
-0.42303466796875
-1.11480712890625
-0.17779541015625
-0.2236328125
-0.21734619140625
0.91949462890625
-0.51910400390625
-0.1429443359375
0.694580078125
-0.52716064453125
-0.10577392578125
1.153076171875
-0.353515625
-0.03802490234375
0.35223388671875
0.1868896484375
0.3812255859375
0.27581787109375
0.6444091796875
0.30450439453125
0.04119873046875
-0.591552734375
-0.42193603515625
-0.14178466796875
0.05322265625
-0.3990478515625
-0.7071533203125
-0.40386962890625
0.8843994140625
0.25714111328125
-0.99298095703125
-0.00244140625
0.46588134765625
-0.0032958984375
0.2791748046875
-0.33843994140625
-0.343994140625
0.62518310546875
0.381591796875
-0.21807861328125
-0.613525390625
-0.1190185546875
0.14801025390625
-0.66925048828125
-0.26873779296875
0.2845458984375
-0.25634765625
0.71612548828125
0.853515625
0.40948486328125
-0.010498046875
0.51776123046875
-0.45562744140625
-0.67218017578125
0.1844482421875
0.21051025390625
0.895751953125
0.38629150390625
-0.4398193359375
-0.408935546875
-0.62255859375
0.30364990234375
0.76416015625
-1.20770263671875
-0.02703857421875
0.67742919921875
-0.2469482421875
-0.04742431640625
-0.5556640625
0.0225830078125
0.7142333984375
-0.1370849609375
0.2880859375
0.23236083984375
0.01593017578125
0.4674072265625
-0.64178466796875
0.34405517578125
-0.39105224609375
-0.85980224609375
0.43878173828125
0.189697265625
-0.49578857421875
0.36590576171875
-0.1104736328125
-0.63372802734375
-0.01068115234375
-0.66748046875
0.12078857421875
0.5811767578125
-0.114013671875
0.58148193359375
-1.0911865234375
0.0595703125
0.21490478515625
-0.13189697265625
-0.315185546875
-0.140869140625
0.40850830078125
-0.19024658203125
-0.222412109375
-0.55035400390625
-0.5804443359375
-0.1888427734375
-0.002685546875
-0.24884033203125
0.38818359375
0.2252197265625
-0.28607177734375
-0.02252197265625
-1.2974853515625
-0.01123046875
-0.21588134765625
-0.0140380859375
0.4088134765625
-0.01708984375
-0.141845703125
-0.1875
0.15667724609375
-0.43206787109375
0.5545654296875
0.2080078125
0.15679931640625
0.1258544921875
0.05975341796875
-0.43768310546875
-0.13958740234375
-0.0987548828125
-0.4498291015625
0.29638671875
-0.2574462890625
-0.6583251953125
-0.42822265625
0.60626220703125
-0.12469482421875
0.3502197265625
-0.86181640625
0.0831298828125
-0.164794921875
-0.01080322265625
0.1632080078125
-0.23797607421875
-0.59832763671875
-0.09442138671875
0.51055908203125
0.72314453125
-0.15216064453125
0.68560791015625
-0.267578125
-0.0322265625
-0.46563720703125
0.5499267578125
1.42010498046875
0.1214599609375
-0.9847412109375
-0.28985595703125
-0.10162353515625
0.8057861328125
0.53765869140625
0.08831787109375
-0.2447509765625
0.20245361328125
0.68084716796875
-0.822021484375
-0.9471435546875
-0.251708984375
-0.7015380859375
0.38409423828125
0.66082763671875
-0.09539794921875
-1.2049560546875
-0.17034912109375
0.5482177734375
0.215576171875
-0.50982666015625
-0.50274658203125
-0.43768310546875
-0.58123779296875
-0.1312255859375
-0.91583251953125
-0.2540283203125
0.1593017578125
0.37139892578125
0.211181640625
-0.09130859375
-0.09478759765625
-0.7457275390625
-0.3096923828125
-0.62017822265625
0.0137939453125
-0.30072021484375
0.67633056640625
-0.259033203125
-0.94940185546875
-0.260498046875
-0.415283203125
0.19635009765625
-0.591064453125
-0.8372802734375
0.08294677734375
0.1590576171875
0.55157470703125
0.0526123046875
-0.41314697265625
-0.59869384765625
0.1173095703125
0.47308349609375
-0.58758544921875
-0.88812255859375
-0.26239013671875
-1.00433349609375
0.03912353515625
-0.113525390625
-0.404296875
-0.06402587890625
-0.65802001953125
0.052734375
-0.14691162109375
-0.09283447265625
-0.6875
0.328369140625
0.22357177734375
-0.80718994140625
-0.806396484375
-0.3623046875
0.599365234375
0.1575927734375
0.645263671875
-0.09161376953125
-0.60955810546875
0.11981201171875
-0.87091064453125
-0.010009765625
0.08392333984375
-0.0947265625
0.2242431640625
0.86962890625
0.07501220703125
0.30169677734375
-0.12152099609375
0.031005859375
-0.1392822265625
-0.12786865234375
0.26104736328125
-0.16619873046875
-0.50628662109375
0.3922119140625
0.369140625
0.12628173828125
-0.88018798828125
-0.6517333984375
0.28814697265625
-0.50244140625
0.3238525390625
0.04010009765625
-0.050537109375
-0.15167236328125
-0.493408203125
0.1629638671875
-0.75653076171875
-0.35009765625
-0.342041015625
-1.25341796875
-0.85113525390625
-0.31396484375
-0.01641845703125
-0.48175048828125
0.0108642578125
-0.52532958984375
0.12786865234375
0.003173828125
-1.2169189453125
0.15118408203125
0.256591796875
-0.2406005859375
-0.04376220703125
0.37542724609375
-0.218994140625
-0.2711181640625
0.33099365234375
0.2047119140625
0.22833251953125
-0.0609130859375
-0.95184326171875
-0.56719970703125
-0.9925537109375
-0.44757080078125
-0.89215087890625
0.25341796875
0.082763671875
-0.26678466796875
-0.7060546875
-0.13702392578125
-0.06365966796875
-0.57708740234375
-0.488037109375
0.06884765625
-0.532470703125
-0.20001220703125
-0.06768798828125
0.1719970703125
0.5262451171875
-0.207275390625
-0.235595703125
-0.2396240234375
-0.0797119140625
0.24505615234375
0.234130859375
-0.21856689453125
-0.16571044921875
-0.2772216796875
-0.1793212890625
0.689453125
0.383056640625
-0.7374267578125
-0.15850830078125
0.50726318359375
0.26348876953125
0.42230224609375
0.91656494140625
-0.00042724609375
-0.923583984375
-0.13916015625
0.2576904296875
0.72161865234375
-0.40106201171875
-0.5911865234375
0.77783203125
-1.00799560546875
-0.517333984375
-0.19757080078125
0.49285888671875
0.8123779296875
0.0238037109375
-0.70440673828125
0.363525390625
-0.2052001953125
-0.517578125
-0.71514892578125
0.17236328125
0.67095947265625
0.47113037109375
0.27752685546875
0.338134765625
-0.79168701171875
-0.99383544921875
-0.464111328125
-0.7247314453125
-0.20086669921875
-0.53253173828125
-0.547607421875
0.25347900390625
0.02105712890625
-0.8056640625
0.32781982421875
0.091552734375
-0.56671142578125
0.19488525390625
0.62518310546875
-0.43310546875
-0.9268798828125
-1.1856689453125
0.0830078125
0.998046875
1.21160888671875
-0.50494384765625
-0.31280517578125
-0.7879638671875
0.01397705078125
0.796630859375
0.295166015625
-0.12890625
0.45098876953125
-0.7991943359375
0.34857177734375
0.5045166015625
0.23187255859375
-1.29296875
-0.1650390625
0.44464111328125
-0.73297119140625
-0.13861083984375
-0.76837158203125
0.89215087890625
-0.36553955078125
0.3411865234375
-0.6463623046875
-0.2177734375
-0.1575927734375
-1.23809814453125
0.357666015625
-0.2984619140625
-0.817626953125
-0.006591796875
1.0330810546875
0.4010009765625
0.4569091796875
0.13458251953125
-0.63824462890625
-0.1036376953125
0.14288330078125
0.454345703125
0.04327392578125
-0.19671630859375
-0.44317626953125
-0.7008056640625
-0.020263671875
0.477294921875
-0.407470703125
0.623046875
-0.62060546875
0.388427734375
-0.0662841796875
-0.38714599609375
-0.4051513671875
-0.50421142578125
0.34136962890625
0.76214599609375
0.63189697265625
-0.42059326171875
0.40142822265625
-0.12615966796875
0.22314453125
-0.154052734375
-0.86199951171875
0.63836669921875
0.45098876953125
-0.06976318359375
-0.1461181640625
-0.10284423828125
-0.0107421875
-0.6151123046875
-0.5621337890625
-0.628173828125
0.1295166015625
0.04705810546875
-0.06256103515625
0.00140380859375
-0.16925048828125
0.187255859375
-0.0379638671875
0.06597900390625
0.19207763671875
-0.603515625
-0.4190673828125
-1.09552001953125
-0.12298583984375
-0.43115234375
-0.8624267578125
0.51104736328125
-0.841552734375
-0.02099609375
-0.343505859375
-0.299072265625
0.00750732421875
0.5457763671875
-0.5887451171875
-0.128173828125
-1.0355224609375
-0.62640380859375
0.02264404296875
-0.43865966796875
-0.42681884765625
-0.9224853515625
0.50103759765625
-0.070556640625
-0.22320556640625
0.2025146484375
-0.14532470703125
-0.43328857421875
-1.17193603515625
0.20660400390625
-0.10711669921875
-0.5377197265625
-0.44317626953125
0.35321044921875
-0.0704345703125
0.19573974609375
0.29998779296875
-0.49658203125
-0.2625732421875
-0.3673095703125
-0.04827880859375
-0.74066162109375
-0.15576171875
-0.3558349609375
-0.1837158203125
0.42578125
-0.32818603515625
-0.1199951171875
0.65008544921875
1.07049560546875
0.22772216796875
0.28875732421875
-0.9185791015625
-1.10015869140625
0.87774658203125
0.2635498046875
-0.76458740234375
-0.716064453125
0.50689697265625
-0.29815673828125
-0.3887939453125
-0.34423828125
0.08203125
0.29095458984375
0.06195068359375
-0.2100830078125
-0.21002197265625
0.4940185546875
-0.42877197265625
-1.06964111328125
-0.142822265625
-0.59466552734375
0.2685546875
0.17236328125
0.69451904296875
1.31982421875
-1.550048828125
-0.51873779296875
0.8365478515625
-0.66705322265625
-0.43023681640625
-0.29071044921875
-0.29107666015625
1.11431884765625
0.981689453125
-0.07025146484375
-0.8223876953125
0.052978515625
0.09661865234375
-0.48028564453125
-0.400634765625
0.26727294921875
-0.4176025390625
0.13787841796875
1.20196533203125
0.327392578125
-0.20416259765625
-0.07940673828125
-0.2291259765625
-0.48199462890625
0.21649169921875
0.49517822265625
-0.39910888671875
-0.29644775390625
0.11798095703125
-0.36737060546875
-0.16680908203125
0.35430908203125
-0.139892578125
0.200927734375
0.0037841796875
0.26629638671875
-0.81622314453125
0.18402099609375
0.82965087890625
0.365966796875
-0.35284423828125
0.8135986328125
0.21246337890625
-0.25469970703125
-0.0736083984375
-0.31982421875
-0.1036376953125
-0.4385986328125
-0.36041259765625
-0.3746337890625
0.396240234375
0.50634765625
0.25689697265625
0.0008544921875
-0.599609375
-0.229736328125
0.03631591796875
-0.04803466796875
-0.15911865234375
-0.1220703125
-0.34698486328125
-0.01739501953125
0.23388671875
0.14483642578125
0.2977294921875
-0.80755615234375
0.76806640625
-0.10565185546875
-0.1600341796875
-0.43023681640625
0.260498046875
-0.27252197265625
0.25128173828125
0.2156982421875
-0.16448974609375
-0.1629638671875
-0.671142578125
-0.12286376953125
-0.0396728515625
-0.19415283203125
-0.650146484375
-0.28448486328125
0.68115234375
-0.1448974609375
-0.127685546875
0.46173095703125
0.73291015625
-0.573486328125
0.18035888671875
0.03399658203125
-0.04412841796875
-0.01763916015625
-0.05450439453125
-0.2779541015625
-0.26470947265625
0.12750244140625
-0.3768310546875
0.17315673828125
-0.5804443359375
0.02532958984375
-0.05438232421875
-0.173828125
0.35394287109375
-0.3099365234375
-0.3944091796875
0.08807373046875
-0.34051513671875
0.3863525390625
0.385986328125
-0.27044677734375
0.47955322265625
-0.428466796875
-0.02081298828125
-0.3115234375
-0.18426513671875
-0.4718017578125
-0.71820068359375
-0.4620361328125
-0.07861328125
0.425537109375
-0.33892822265625
-0.8050537109375
-0.12042236328125
0.07098388671875
0.08197021484375
-0.46527099609375
-0.126708984375
0.23223876953125
-0.49688720703125
-0.57940673828125
0.4320068359375
-0.80865478515625
-0.27734375
-0.06671142578125
-0.24713134765625
-0.58056640625
-0.41790771484375
0.40960693359375
-0.12176513671875
-0.4678955078125
0.86083984375
-0.324951171875
-0.51580810546875
0.096435546875
-0.3985595703125
-0.22882080078125
0.3902587890625
0.9598388671875
-0.42279052734375
0.1959228515625
-0.841552734375
-0.1805419921875
0.21807861328125
-0.5040283203125
0.23687744140625
-0.17034912109375
-1.10980224609375
-0.6644287109375
-0.00042724609375
0.30322265625
0.4468994140625
0.45703125
-1.51409912109375
-0.34783935546875
0.446044921875
-0.3145751953125
0.06805419921875
-0.82122802734375
-0.466064453125
0.177001953125
1.12713623046875
0.30657958984375
0.326904296875
-0.11328125
0.2310791015625
-0.0491943359375
-0.46514892578125
-0.34283447265625
-0.4871826171875
-0.43048095703125
0.2613525390625
-0.56134033203125
0.38116455078125
0.01092529296875
0.21112060546875
0.6937255859375
-0.84686279296875
-0.262451171875
-0.255615234375
-1.15863037109375
-0.22186279296875
-0.061767578125
0.85205078125
0.20745849609375
-0.54400634765625
-0.720947265625
0.1173095703125
-0.785888671875
0.82611083984375
-0.197021484375
-0.68878173828125
-0.69366455078125
0.62255859375
-0.038330078125
-0.12689208984375
-1.33160400390625
0.122314453125
0.9022216796875
-0.33099365234375
-0.403564453125
-0.7767333984375
-0.3721923828125
0.41717529296875
0.2974853515625
0.06146240234375
-0.78802490234375
-0.388671875
0.22698974609375
-0.23187255859375
0.32769775390625
0.379150390625
-0.37359619140625
0.01641845703125
-0.47808837890625
0.0716552734375
0.01983642578125
-0.8277587890625
-0.76507568359375
-0.42669677734375
-0.22271728515625
0.398193359375
0.17291259765625
-0.2642822265625
-0.2119140625
-0.25439453125
0.02935791015625
-0.53265380859375
-0.54571533203125
-0.5169677734375
-0.04498291015625
0.220703125
0.11468505859375
-0.1697998046875
-0.39569091796875
-0.71075439453125
-0.39593505859375
-0.82586669921875
0.33642578125
-0.43927001953125
-0.70355224609375
0.43157958984375
-0.19696044921875
-0.08062744140625
0.33612060546875
-0.59375
-0.98077392578125
0.37860107421875
-0.26715087890625
-0.28741455078125
0.03582763671875
0.2061767578125
0.30145263671875
0.07635498046875
-0.175537109375
0.39154052734375
0.0732421875
-0.21966552734375
0.5234375
0.2296142578125
-0.72344970703125
0.07147216796875
0.41326904296875
0.35614013671875
0.5
-0.54119873046875
0.2176513671875
0.0594482421875
-0.49273681640625
0.13787841796875
-0.5318603515625
-0.52679443359375
-0.75872802734375
0.4117431640625
1.04608154296875
-0.18157958984375
-0.560791015625
-0.42864990234375
-0.37249755859375
-0.4483642578125
0.30303955078125
-0.400390625
0.47540283203125
-0.69512939453125
0.1265869140625
0.436767578125
0.3504638671875
-0.05224609375
-0.2540283203125
0.0533447265625
-0.84381103515625
-0.83111572265625
-0.17230224609375
-0.07464599609375
-0.27569580078125
-0.190185546875
-0.85260009765625
-0.25946044921875
-0.81591796875
0.28570556640625
-0.2135009765625
-1.0360107421875
-0.01104736328125
-0.5272216796875
-0.219482421875
0.0684814453125
0.01287841796875
0.060791015625
0.24420166015625
-0.055419921875
0.03125
-0.3590087890625
0.99176025390625
-0.27655029296875
-1.31939697265625
-0.58447265625
0.05072021484375
0.03662109375
0.53924560546875
-0.76837158203125
-1.07073974609375
-0.34185791015625
-0.71875
-0.26470947265625
1.2930908203125
-0.04766845703125
-0.14532470703125
-0.552734375
-1.5352783203125
-0.3553466796875
-0.00262451171875
0.04681396484375
-0.71624755859375
-0.29974365234375
0.15716552734375
1.0863037109375
0.38824462890625
-1.52911376953125
-1.137451171875
-0.965087890625
-0.7626953125
0.438720703125
0.32476806640625
-0.48822021484375
1.3260498046875
0.74932861328125
0.0257568359375
0.4140625
-0.93414306640625
0.17803955078125
0.80755615234375
-0.6822509765625
0.55767822265625
-0.38238525390625
-0.05059814453125
-0.486083984375
0.28509521484375
0.3153076171875
0.781982421875
-1.1650390625
-0.75830078125
0.26165771484375
-0.30596923828125
-0.3890380859375
0.559326171875
-1.09954833984375
0.31878662109375
0.18206787109375
0.964599609375
0.0797119140625
-0.44708251953125
-0.110107421875
0.9267578125
-0.13885498046875
0.01580810546875
-0.57366943359375
0.16204833984375
0.91998291015625
0.0404052734375
0.318603515625
0.32135009765625
-0.2373046875
-0.32135009765625
-0.05584716796875
-0.1121826171875
-0.4261474609375
-0.552978515625
-0.638671875
0.00927734375
0.03759765625
-0.38079833984375
0.41046142578125
-0.65185546875
-0.6871337890625
-0.179443359375
-0.14898681640625
-0.19122314453125
-0.320556640625
-0.35125732421875
-0.2750244140625
0.0614013671875
-0.44439697265625
0.2470703125
-0.7127685546875
-0.25341796875
-0.3140869140625
0.16436767578125
-0.4822998046875
-0.47607421875
0.21514892578125
-0.1876220703125
0.02423095703125
0.06964111328125
0.18499755859375
0.01922607421875
-0.54296875
-0.1605224609375
-0.6806640625
-0.3985595703125
-0.00579833984375
0.0245361328125
-0.4144287109375
-0.434326171875
0.046630859375
0.45635986328125
0.37274169921875
0.213134765625
-0.2373046875
-0.1903076171875
-0.1365966796875
0.46112060546875
-0.4969482421875
-1.0968017578125
-0.36163330078125
0.5572509765625
0.36688232421875
0.4078369140625
-0.1695556640625
0.069091796875
0.0682373046875
-0.42791748046875
-0.82623291015625
0.17559814453125
0.492919921875
-0.22271728515625
0.02886962890625
0.22198486328125
-0.245849609375
-0.0826416015625
0.1875
0.60357666015625
-1.02740478515625
-0.0303955078125
-0.18658447265625
0.23358154296875
-0.32879638671875
0.34918212890625
0.40087890625
-0.3575439453125
0.32232666015625
-0.20452880859375
-0.0948486328125
0.150390625
-0.67205810546875
0.0562744140625
0.17974853515625
0.31085205078125
-0.2593994140625
-0.1126708984375
-0.59112548828125
0.015869140625
-0.14892578125
-0.08056640625
-0.44305419921875
-0.08172607421875
-0.2137451171875
0.0318603515625
0.01446533203125
0.3394775390625
-0.3763427734375
-0.0750732421875
-0.3514404296875
-0.22772216796875
-0.42742919921875
0.18817138671875
0.26348876953125
0.2913818359375
0.1392822265625
-0.68975830078125
-1.15863037109375
0.20880126953125
0.34259033203125
-0.07666015625
1.2305908203125
-0.198486328125
-0.7103271484375
-1.15350341796875
-0.1900634765625
0.1591796875
0.466552734375
0.28765869140625
-1.3892822265625
-0.407958984375
0.51275634765625
-0.06427001953125
-1.49798583984375
-1.02630615234375
0.03118896484375
0.49285888671875
0.41741943359375
-0.43341064453125
0.4339599609375
-0.67327880859375
-0.74627685546875
0.8812255859375
0.76678466796875
-0.58740234375
-0.1563720703125
0.445068359375
-0.85430908203125
-0.6446533203125
0.3455810546875
0.15716552734375
-0.29296875
0.053466796875
-1.036865234375
0.63067626953125
-0.5498046875
-1.42529296875
0.8392333984375
-0.14935302734375
0.665283203125
0.28778076171875
-0.22381591796875
-1.2528076171875
0.243896484375
0.14788818359375
0.26220703125
-0.30810546875
1.087158203125
0.14910888671875
-0.2607421875
0.7144775390625
-0.43341064453125
-1.42437744140625
-0.31103515625
0.3697509765625
0.19879150390625
0.315673828125
0.4439697265625
0.45782470703125
-0.05810546875
-0.4822998046875
-0.34307861328125
-0.0140380859375
-0.83612060546875
0.078369140625
0.5599365234375
-0.2489013671875
-0.06396484375
0.13653564453125
-0.5361328125
0.3851318359375
-0.053955078125
0.22760009765625
-0.33160400390625
-0.31280517578125
-0.01263427734375
-0.6209716796875
-0.06317138671875
-0.18731689453125
-0.02197265625
-0.29736328125
-0.2413330078125
0.23529052734375
0.25775146484375
-0.20758056640625
0.4537353515625
-0.3238525390625
0.37969970703125
-0.564697265625
0.83209228515625
0.1806640625
-1.1805419921875
-0.8271484375
0.939453125
0.28759765625
-0.32232666015625
-0.5111083984375
0.20849609375
1.23504638671875
-0.5130615234375
-0.7691650390625
-0.5224609375
-0.2431640625
0.07586669921875
-0.40057373046875
0.02178955078125
0.79498291015625
0.4525146484375
0.49774169921875
-0.224609375
-0.07958984375
-0.33123779296875
-0.22021484375
-0.4793701171875
0.61822509765625
-0.4569091796875
-0.4989013671875
-0.3695068359375
-0.63134765625
0.01458740234375
-0.33978271484375
-0.18731689453125
-0.03826904296875
0.03533935546875
-0.53631591796875
0.5404052734375
0.386962890625
-0.72119140625
0.11090087890625
-0.56890869140625
-0.27752685546875
-0.26190185546875
-0.22119140625
-0.51348876953125
-0.54534912109375
0.0675048828125
-0.40667724609375
0.15423583984375
0.22198486328125
-0.2088623046875
-0.989013671875
-0.076416015625
-0.1363525390625
-0.7117919921875
0.0633544921875
0.22149658203125
0.63519287109375
0.3155517578125
-0.4500732421875
-0.66143798828125
-0.2406005859375
0.5423583984375
0.26068115234375
-0.54327392578125
-0.24310302734375
0.2884521484375
0.10626220703125
-0.4539794921875
-0.081298828125
-0.6112060546875
0.15509033203125
0.37200927734375
-0.55584716796875
-0.183349609375
0.34539794921875
1.04010009765625
0.5797119140625
-0.51580810546875
-0.04296875
-0.80145263671875
-0.57403564453125
0.83551025390625
-0.41912841796875
-0.15570068359375
-0.49322509765625
-0.24395751953125
-0.88336181640625
-0.314697265625
-0.0335693359375
0.57916259765625
0.85089111328125
0.43646240234375
-0.47930908203125
-0.41290283203125
-0.33245849609375
-1.46978759765625
-0.65496826171875
-0.17218017578125
0.33343505859375
0.52197265625
-0.29937744140625
0.04132080078125
-0.9903564453125
-0.4117431640625
-0.22161865234375
-0.255859375
-0.29302978515625
-1.003662109375
-0.5360107421875
0.83740234375
-0.9398193359375
0.0155029296875
0.7635498046875
0.42108154296875
-0.0947265625
0.109375
-0.0927734375
-0.41839599609375
-0.7701416015625
-0.63140869140625
0.29193115234375
0.2064208984375
0.76422119140625
-0.5662841796875
-0.68853759765625
-0.17901611328125
-0.01922607421875
0.4031982421875
-0.11407470703125
-0.3524169921875
0.86962890625
0.13934326171875
-0.31829833984375
-0.4949951171875
-0.9698486328125
0.17205810546875
0.65362548828125
0.10101318359375
0.2772216796875
-0.8660888671875
0.53814697265625
0.59466552734375
-0.29052734375
0.1602783203125
-0.03338623046875
-0.32464599609375
-0.6285400390625
-0.03729248046875
-0.524658203125
-0.19525146484375
-0.56732177734375
-0.06854248046875
0.28582763671875
-0.0040283203125
-0.07049560546875
0.180419921875
0.12506103515625
0.433837890625
0.10882568359375
0.06829833984375
-0.06854248046875
-0.187255859375
-0.76214599609375
0.4256591796875
-0.3033447265625
-0.017578125
-0.30596923828125
0.28729248046875
-0.119140625
-0.4681396484375
0.4639892578125
0.4302978515625
0.55853271484375
-0.1285400390625
0.26995849609375
-0.19622802734375
-0.28216552734375
0.0064697265625
0.77252197265625
-0.04949951171875
0.42669677734375
-0.87823486328125
-0.05767822265625
-0.24993896484375
-0.59674072265625
-0.31640625
-0.1595458984375
-0.47808837890625
0.50689697265625
0.39453125
-0.42681884765625
0.02886962890625
0.09033203125
-1.02197265625
-0.04144287109375
-0.2908935546875
0.52471923828125
-0.5462646484375
-0.42425537109375
0.09259033203125
-0.47882080078125
-0.377197265625
-1.13751220703125
-0.4095458984375
-0.10784912109375
-0.3680419921875
-0.030517578125
-0.4501953125
-0.31488037109375
-0.46575927734375
-0.1007080078125
0.6405029296875
-0.227294921875
-0.65252685546875
-0.56195068359375
-0.21844482421875
-0.29022216796875
-0.37939453125
0.38372802734375
0.45599365234375
0.17633056640625
-0.0518798828125
0.4833984375
0.005615234375
-0.5289306640625
-0.659423828125
-0.80865478515625
-0.92413330078125
-0.828857421875
0.45086669921875
-0.1390380859375
0.829833984375
-0.59307861328125
-0.22564697265625
0.09796142578125
-0.26751708984375
-0.52978515625
0.3404541015625
-0.5504150390625
-0.35809326171875
-0.4454345703125
0.27374267578125
0.02691650390625
-0.35675048828125
-0.1678466796875
0.34295654296875
-0.30999755859375
-0.59613037109375
0.48468017578125
1.0325927734375
0.52783203125
0.01165771484375
-0.50433349609375
-0.86932373046875
0.1309814453125
0.42083740234375
-0.48681640625
-0.365478515625
-0.45098876953125
0.31121826171875
0.00457763671875
-0.2076416015625
1.27911376953125
0.613037109375
-0.0723876953125
-0.7073974609375
-0.2147216796875
0.252685546875
0.43353271484375
-0.722412109375
-0.02642822265625
0.07305908203125
-0.5396728515625
0.313720703125
-0.06817626953125
-1.462158203125
0.060546875
0.46710205078125
-0.6324462890625
0.2979736328125
0.5565185546875
-0.08001708984375
-0.8692626953125
-0.48809814453125
-0.5084228515625
1.78253173828125
-0.97222900390625
-0.05291748046875
0.18011474609375
-1.03424072265625
0.0179443359375
-0.93341064453125
0.1326904296875
0.1690673828125
-0.24835205078125
0.34100341796875
1.11474609375
-1.12091064453125
-1.56036376953125
-0.0946044921875
-0.93145751953125
0.26568603515625
0.28924560546875
-1.085693359375
0.44512939453125
-0.67138671875
0.79931640625
0.513671875
-1.47100830078125
0.2757568359375
-0.40838623046875
-0.89874267578125
1.5223388671875
0.31134033203125
-0.48553466796875
0.392578125
0.51934814453125
0.2340087890625
0.659912109375
-0.52020263671875
0.11181640625
0.00518798828125
0.1114501953125
0.2462158203125
0.4974365234375
-0.87213134765625
0.279296875
-0.45843505859375
-0.5399169921875
-0.1279296875
0.31695556640625
0.0189208984375
0.27178955078125
0.5654296875
-0.5216064453125
0.6502685546875
0.40869140625
-0.4739990234375
0.4578857421875
0.71142578125
0.4466552734375
0.45465087890625
0.2923583984375
0.00030517578125
-1.0887451171875
-0.76947021484375
0.0537109375
-0.19183349609375
0.287109375
-0.167724609375
-0.048828125
-0.16595458984375
0.06329345703125
0.0694580078125
-0.1129150390625
-0.261962890625
0.2813720703125
-0.94677734375
-0.60345458984375
0.05279541015625
0.13043212890625
0.0128173828125
0.2340087890625
-0.28472900390625
0.23455810546875
-0.24005126953125
-0.32012939453125
-0.30120849609375
-0.288330078125
-0.35546875
-0.13372802734375
0.40753173828125
-0.58258056640625
0.7039794921875
-0.17388916015625
0.46405029296875
-0.39971923828125
-0.06024169921875
-0.39697265625
0.57745361328125
-0.42694091796875
-0.09417724609375
-0.42486572265625
-0.06622314453125
-0.078125
0.03021240234375
0.20758056640625
-0.2855224609375
-0.5587158203125
0.204833984375
-0.8355712890625
0.267333984375
0.1207275390625
-0.71356201171875
0.14794921875
-0.01611328125
-0.477294921875
-0.31591796875
0.294921875
-0.2457275390625
-0.50384521484375
0.32708740234375
-0.060546875
0.50726318359375
-0.207763671875
0.1513671875
-0.48980712890625
-0.0653076171875
-0.43359375
0.22052001953125
-0.46295166015625
-0.46331787109375
-0.130615234375
0.30023193359375
-0.29571533203125
0.08636474609375
-0.07586669921875
0.2095947265625
-0.35540771484375
-0.4124755859375
-0.0157470703125
-0.5655517578125
-0.04949951171875
-0.47357177734375
0.2957763671875
0.39862060546875
-0.47479248046875
0.15435791015625
-0.096923828125
-0.382080078125
0.84454345703125
0.19036865234375
0.51141357421875
-0.4727783203125
-0.4573974609375
1.04937744140625
0.9571533203125
0.216552734375
-0.04315185546875
0.15838623046875
0.90234375
-0.11712646484375
-0.49322509765625
0.03240966796875
-0.4132080078125
1.31231689453125
0.07159423828125
-0.30615234375
0.52545166015625
-0.84368896484375
-0.39111328125
0.88555908203125
-0.3563232421875
-1.24774169921875
-0.709228515625
0.74066162109375
-0.49774169921875
0.03485107421875
-0.65155029296875
-0.58282470703125
0.78338623046875
0.49578857421875
0.51580810546875
-0.8052978515625
0.00750732421875
-0.1632080078125
-0.32220458984375
1.30419921875
-0.16912841796875
-0.7127685546875
-0.031982421875
-1.25689697265625
-0.8018798828125
-0.01025390625
1.01123046875
-0.33514404296875
0.371337890625
-1.2490234375
-0.31549072265625
0.29803466796875
0.72613525390625
-0.99749755859375
-0.40765380859375
-0.6131591796875
0.48480224609375
0.28759765625
-0.090087890625
0.20458984375
-0.1690673828125
-0.569580078125
0.35357666015625
0.149169921875
0.15057373046875
0.71478271484375
-0.5130615234375
0.42132568359375
0.17095947265625
-0.63470458984375
0.30596923828125
-0.109130859375
0.70098876953125
0.42767333984375
-0.5689697265625
0.52911376953125
0.36968994140625
-0.51556396484375
-0.52655029296875
0.068115234375
0.0545654296875
-0.3824462890625
-0.2518310546875
-0.47369384765625
0.2515869140625
0.14544677734375
-0.16375732421875
0.20098876953125
0.41363525390625
0.3353271484375
0.1217041015625
-0.25592041015625
-0.79925537109375
-0.71307373046875
-0.3231201171875
0.13970947265625
-0.0272216796875
-0.49334716796875
-0.41632080078125
1.0299072265625
-0.4759521484375
-0.04791259765625
-0.2347412109375
0.11602783203125
0.61810302734375
-0.27197265625
-0.303955078125
-0.16583251953125
0.42974853515625
0.33514404296875
0.09857177734375
-0.3134765625
0.00128173828125
-0.2564697265625
-0.20538330078125
-0.1583251953125
-0.50433349609375
-0.45916748046875
-0.12420654296875
-0.15460205078125
-0.40179443359375
-0.25958251953125
0.1397705078125
-0.122314453125
-0.41082763671875
0.02703857421875
-0.1436767578125
0.46337890625
-0.3671875
-0.08880615234375
0.04925537109375
-0.7064208984375
-0.19171142578125
-0.66265869140625
-0.652587890625
-0.572021484375
0.2120361328125
0.65765380859375
-0.2193603515625
0.19915771484375
-0.0018310546875
-0.6142578125
0.04095458984375
0.36376953125
-0.79632568359375
-0.0013427734375
0.29779052734375
-0.72747802734375
-0.4925537109375
0.34515380859375
-0.1337890625
0.50537109375
-0.147216796875
0.2720947265625
-0.001220703125
-0.654296875
-0.37457275390625
0.3555908203125
-0.29412841796875
-0.181884765625
-0.05157470703125
-0.40618896484375
0.095703125
-0.5338134765625
0.00372314453125
-1.02197265625
-0.0572509765625
-0.2630615234375
0.44281005859375
0.16973876953125
-0.9517822265625
-1.00665283203125
0.112060546875
0.81182861328125
1.12615966796875
0.81658935546875
-0.3157958984375
-0.75750732421875
-0.67364501953125
-0.26788330078125
0.0865478515625
0.46710205078125
-1.1053466796875
-0.33154296875
0.1492919921875
0.3836669921875
-0.5244140625
-0.61669921875
0.27301025390625
-0.50250244140625
-0.01373291015625
0.497314453125
-0.3173828125
0.17169189453125
-1.984130859375
-0.4163818359375
0.67669677734375
-0.22430419921875
-0.77294921875
-0.5203857421875
0.1719970703125
0.5450439453125
-0.0684814453125
0.1492919921875
0.4761962890625
0.6884765625
-0.3077392578125
0.23211669921875
-0.1397705078125
-1.22540283203125
-0.42724609375
-0.35418701171875
-1.0875244140625
-0.12384033203125
-0.2347412109375
-0.76995849609375
-0.0211181640625
-1.02520751953125
-0.43585205078125
0.451416015625
-0.5330810546875
-0.66363525390625
0.279541015625
-0.60247802734375
0.533447265625
-0.3570556640625
-0.55767822265625
0.22772216796875
0.15484619140625
-0.295166015625
0.041748046875
-0.926513671875
-0.612060546875
0.30877685546875
0.40460205078125
-0.367431640625
-0.13751220703125
-0.3145751953125
-0.817626953125
-0.407470703125
-0.25189208984375
0.528076171875
-0.06207275390625
0.1197509765625
0.09136962890625
-0.5810546875
-0.2603759765625
-0.064697265625
0.309326171875
-0.33966064453125
0.41522216796875
-0.56646728515625
-0.0343017578125
-0.02484130859375
-0.11151123046875
0.2344970703125
-0.31683349609375
-0.400390625
0.48492431640625
-0.81695556640625
-0.293212890625
-0.5780029296875
0.24951171875
-0.05487060546875
0.32403564453125
-0.65692138671875
-0.52813720703125
0.5743408203125
-0.4571533203125
0.27093505859375
-0.13348388671875
-0.3507080078125
0.2164306640625
-0.3896484375
0.76336669921875
-0.66064453125
-0.41949462890625
-0.2041015625
-0.31927490234375
-0.77606201171875
0.05401611328125
0.1043701171875
-0.26751708984375
-0.5091552734375
-0.755126953125
0.4061279296875
-0.31793212890625
0.22418212890625
0.490966796875
-0.556884765625
-0.2530517578125
-0.1414794921875
0.40423583984375
0.70770263671875
-0.17138671875
0.521484375
0.68011474609375
-0.25799560546875
-0.20416259765625
0.40948486328125
-0.07464599609375
0.28765869140625
-0.00177001953125
0.25115966796875
0.40380859375
0.19891357421875
-0.8275146484375
0.3690185546875
-0.335205078125
-0.59832763671875
-0.0810546875
-0.031982421875
0.46044921875
-0.14080810546875
0.05010986328125
0.20611572265625
-0.761962890625
0.07537841796875
-0.087890625
0.01263427734375
-0.144775390625
-0.79638671875
-0.40142822265625
-0.3699951171875
-0.37567138671875
0.05328369140625
-0.48687744140625
-0.30450439453125
-0.5472412109375
-0.3138427734375
-1.3575439453125
0.06494140625
0.19085693359375
-0.2557373046875
-0.040283203125
0.1878662109375
0.490966796875
-0.5703125
-0.4766845703125
-0.4844970703125
0.02850341796875
0.10162353515625
-0.0177001953125
-0.3851318359375
-0.63995361328125
0.1787109375
0.6612548828125
-0.26690673828125
-0.02581787109375
-0.649658203125
-0.62982177734375
-0.80926513671875
-1.9014892578125
0.10308837890625
0.83734130859375
0.15386962890625
0.18072509765625
0.3974609375
0.6719970703125
-1.24444580078125
-0.39617919921875
-1.0771484375
0.11749267578125
1.257568359375
-0.1624755859375
0.80828857421875
0.461181640625
-1.49688720703125
-1.587646484375
0.86334228515625
-0.8785400390625
-1.47662353515625
0.45697021484375
0.50341796875
-0.6038818359375
0.69598388671875
-0.75830078125
-0.1724853515625
1.75091552734375
-0.314208984375
-0.164306640625
0.32281494140625
-0.80828857421875
0.1531982421875
-0.26446533203125
-0.29327392578125
0.66595458984375
-0.0296630859375
-0.67974853515625
-0.40606689453125
-0.3419189453125
-0.5546875
0.58929443359375
0.1385498046875
-0.041259765625
0.28466796875
-0.73736572265625
0.0316162109375
-0.25909423828125
-0.4075927734375
0.09539794921875
-0.5306396484375
0.70172119140625
0.25482177734375
-0.26678466796875
0.8323974609375
0.08526611328125
0.04254150390625
-0.09747314453125
0.1126708984375
-0.26318359375
-0.24481201171875
-0.9681396484375
-0.591064453125
1.0057373046875
0.0361328125
-0.71417236328125
-0.7384033203125
0.49639892578125
-0.56976318359375
0.15313720703125
0.10809326171875
-0.94964599609375
-0.216064453125
-0.06378173828125
0.78961181640625
-0.166259765625
-0.54620361328125
0.08935546875
0.05889892578125
-0.16827392578125
-0.51361083984375
-0.37353515625
-0.444580078125
0.1566162109375
0.2490234375
0.20172119140625
-0.5350341796875
-0.412841796875
-0.19097900390625
-0.73907470703125
0.4365234375
0.0765380859375
-0.551025390625
-0.3831787109375
-0.09912109375
0.04901123046875
-0.3984375
-0.53338623046875
-0.04998779296875
0.04718017578125
-0.010498046875
0.37152099609375
0.28216552734375
-0.0059814453125
-0.32049560546875
0.34246826171875
-0.91912841796875
-0.36529541015625
-0.237548828125
0.2884521484375
-0.5648193359375
-0.0614013671875
-0.210693359375
-0.40679931640625
0.12249755859375
-0.132080078125
-0.074462890625
0.847900390625
0.15667724609375
-0.2247314453125
0.3580322265625
-0.0833740234375
-0.3978271484375
-0.9039306640625
-0.28106689453125
-0.42730712890625
0.16094970703125
0.47308349609375
-0.678955078125
-0.83660888671875
-0.3265380859375
-0.03802490234375
-0.58935546875
0.5264892578125
-0.54656982421875
-0.84405517578125
-0.17364501953125
-0.29833984375
-0.00152587890625
-0.23992919921875
-1.10577392578125
-0.54669189453125
0.041015625
0.0919189453125
-0.5682373046875
0.033935546875
-0.2445068359375
-0.15692138671875
0.1822509765625
-1.13079833984375
-0.2259521484375
0.15985107421875
-0.3162841796875
-0.40118408203125
0.64111328125
0.268798828125
0.021728515625
-0.15850830078125
-0.00506591796875
-0.28607177734375
-0.27288818359375
-0.05450439453125
-0.0902099609375
-0.52349853515625
0.604736328125
0.10797119140625
-0.55853271484375
-1.30706787109375
0.72088623046875
0.7955322265625
0.0789794921875
0.07318115234375
1.010498046875
-0.19219970703125
-0.36871337890625
-0.26654052734375
0.64111328125
0.87042236328125
-0.1103515625
-0.45428466796875
-1.0791015625
0.11505126953125
0.428466796875
-0.63623046875
-0.2291259765625
0.6595458984375
1.2154541015625
-0.29833984375
0.29730224609375
0.93341064453125
-0.85699462890625
-0.22027587890625
-0.3349609375
-1.11376953125
0.0242919921875
-0.2237548828125
-0.41180419921875
0.74810791015625
-0.3216552734375
-0.64874267578125
0.28472900390625
-0.09210205078125
-0.0400390625
-0.41192626953125
-0.15765380859375
-0.76202392578125
-0.3197021484375
-0.4578857421875
0.19244384765625
0.43402099609375
-0.06524658203125
-0.26611328125
-0.24017333984375
-0.80059814453125
-0.42218017578125
1.03094482421875
-0.90423583984375
0.7012939453125
-0.0303955078125
-1.0655517578125
0.8162841796875
0.26483154296875
-0.83343505859375
-1.0306396484375
0.2952880859375
0.4794921875
0.3890380859375
-0.1925048828125
-0.92681884765625
0.01458740234375
-0.596435546875
0.60784912109375
-0.19482421875
-0.62554931640625
0.12982177734375
-0.05047607421875
-0.51165771484375
-0.51409912109375
0.060546875
-0.330810546875
-0.485107421875
0.650146484375
-0.78216552734375
-0.578369140625
-0.44873046875
-0.91802978515625
-0.385009765625
0.24700927734375
0.0574951171875
0.08966064453125
-0.30572509765625
-0.6595458984375
-0.26983642578125
-0.22979736328125
-0.86175537109375
-0.08514404296875
-0.64239501953125
-0.716796875
0.04193115234375
-0.09039306640625
0.3873291015625
0.162841796875
-0.414794921875
0.1483154296875
0.1488037109375
-0.02886962890625
0.31353759765625
0.064453125
-0.46514892578125
-0.4573974609375
0.1878662109375
0.0250244140625
0.23504638671875
-0.127685546875
-0.56927490234375
0.3970947265625
-0.08551025390625
0.36651611328125
0.3787841796875
0.002685546875
-0.13262939453125
0.0223388671875
-0.13665771484375
0.12481689453125
-0.0572509765625
-0.29742431640625
0.2412109375
0.69232177734375
0.21722412109375
-0.57135009765625
-0.37286376953125
0.50140380859375
0.7789306640625
0.20550537109375
-0.17791748046875
-1.11029052734375
-0.0712890625
0.452880859375
-0.68988037109375
-0.572021484375
-0.236572265625
0.08636474609375
0.16473388671875
0.28826904296875
-0.78582763671875
-0.594970703125
-0.656005859375
-0.00543212890625
0.145263671875
0.30322265625
-0.24676513671875
0.10369873046875
-0.5892333984375
-0.1943359375
-0.47003173828125
-0.781982421875
-0.65338134765625
0.27978515625
1.12249755859375
-0.02294921875
0.38067626953125
0.11712646484375
0.167724609375
0.08721923828125
-0.3084716796875
0.086181640625
0.0321044921875
-0.03204345703125
-0.53912353515625
0.171875
0.35968017578125
0.080322265625
-0.24505615234375
-0.887451171875
-0.263671875
0.02227783203125
-0.15264892578125
-0.4725341796875
0.45172119140625
-0.8966064453125
-0.79730224609375
0.36669921875
0.0860595703125
0.2481689453125
0.49627685546875
-0.64447021484375
-0.410400390625
-0.54156494140625
-0.0203857421875
-0.73907470703125
0.89764404296875
-0.24176025390625
0.463623046875
-0.9122314453125
0.33319091796875
0.1536865234375
-0.3603515625
-0.66168212890625
-0.18994140625
0.71343994140625
-0.18597412109375
0.8575439453125
0.27581787109375
-0.79498291015625
-0.7391357421875
-0.48822021484375
-0.5467529296875
-0.38604736328125
-0.2457275390625
0.02850341796875
0.6363525390625
-0.282470703125
-0.50341796875
1.37579345703125
-0.087890625
0.1292724609375
1.335205078125
-0.972412109375
-0.51416015625
0.06878662109375
-1.04290771484375
0.7161865234375
1.35845947265625
0.589111328125
0.4146728515625
-1.2025146484375
-0.836181640625
0.54998779296875
-0.8739013671875
0.674072265625
-0.15850830078125
-1.35931396484375
-0.3865966796875
0.93731689453125
0.0465087890625
-0.3831787109375
-0.1844482421875
-0.4761962890625
0.68975830078125
-0.47412109375
0.74859619140625
0.41278076171875
0.180419921875
-0.4541015625
0.24481201171875
0.07354736328125
-0.19769287109375
-0.45367431640625
-0.3848876953125
-0.21136474609375
-0.09320068359375
-0.1923828125
0.43231201171875
-0.14996337890625
0.87579345703125
0.15234375
0.392578125
-0.12969970703125
-0.19000244140625
-0.4295654296875
0.11083984375
0.24560546875
0.08831787109375
-0.07440185546875
-0.716796875
-0.6466064453125
-0.95550537109375
-0.1029052734375
0.4271240234375
-0.110595703125
-0.57354736328125
-0.32574462890625
0.404052734375
0.05914306640625
-0.8233642578125
0.38726806640625
-0.06646728515625
-0.09869384765625
-0.5478515625
-0.35986328125
-0.658935546875
-0.29913330078125
0.1502685546875
0.07904052734375
-0.08770751953125
-0.06536865234375
0.105712890625
-0.59686279296875
-0.8880615234375
-0.285400390625
0.0997314453125
-0.29840087890625
-0.09661865234375
0.04119873046875
-0.25494384765625
-0.59197998046875
-0.13287353515625
0.56317138671875
0.05499267578125
0.030517578125
0.013671875
-0.40576171875
-0.01239013671875
-0.3387451171875
-0.36358642578125
-0.728271484375
-0.62445068359375
0.0111083984375
0.1925048828125
0.3968505859375
-0.53912353515625
0.28656005859375
0.1632080078125
-0.77410888671875
0.32061767578125
-0.11138916015625
0.273681640625
-0.2803955078125
-0.80810546875
0.0147705078125
0.31817626953125
0.7218017578125
-0.22760009765625
-0.3590087890625
-0.0887451171875
-0.15045166015625
-0.26708984375
-0.81549072265625
0.12255859375
0.114013671875
-0.2830810546875
-0.34033203125
-0.23577880859375
-0.66192626953125
0.16204833984375
-0.5848388671875
0.2030029296875
-0.52642822265625
0.13995361328125
-0.0242919921875
-0.06475830078125
-0.19342041015625
-0.04876708984375
0.24456787109375
-0.4722900390625
-0.42767333984375
-0.92266845703125
-0.36676025390625
-0.7403564453125
-0.706298828125
0.00677490234375
0.25238037109375
0.51934814453125
-0.22900390625
-0.995849609375
-0.1875
-0.27288818359375
-0.1363525390625
0.42791748046875
0.05389404296875
-0.12518310546875
-0.1290283203125
-0.34039306640625
-0.17205810546875
0.5208740234375
-0.55670166015625
0.0279541015625
0.0743408203125
-0.56170654296875
0.6605224609375
-1.7161865234375
-0.6785888671875
-0.91229248046875
0.1895751953125
0.1607666015625
-1.0062255859375
-0.11370849609375
0.14166259765625
-0.40679931640625
-0.0902099609375
-0.6031494140625
-1.24639892578125
0.28570556640625
0.2353515625
-0.69183349609375
0.16680908203125
0.1171875
0.0206298828125
0.8765869140625
-0.21014404296875
-0.89697265625
0.149169921875
-0.3548583984375
-0.25054931640625
-0.45550537109375
-0.18341064453125
0.1009521484375
0.39923095703125
-0.69921875
0.32550048828125
0.13494873046875
-0.27044677734375
0.67449951171875
0.125244140625
-0.10931396484375
0.01422119140625
-0.30645751953125
0.6175537109375
0.174072265625
-0.735595703125
-0.20135498046875
-0.09600830078125
-0.37939453125
1.02703857421875
-0.890380859375
-0.25640869140625
0.63037109375
0.47296142578125
0.6661376953125
0.36151123046875
-0.45220947265625
-0.09686279296875
-0.48052978515625
-0.81671142578125
-0.22137451171875
-0.10821533203125
0.10150146484375
-0.55926513671875
0.0057373046875
-0.59942626953125
-0.2493896484375
-0.04559326171875
-0.43621826171875
0.41668701171875
-0.394775390625
-0.27001953125
0.2879638671875
-0.996337890625
0.40057373046875
0.26495361328125
0.00091552734375
0.15289306640625
-0.86981201171875
0.08258056640625
-0.01031494140625
0.17987060546875
0.5633544921875
-0.3948974609375
-0.65216064453125
-0.0130615234375
-0.0621337890625
-0.2822265625
-0.20794677734375
-0.63629150390625
0.72784423828125
-0.06494140625
-0.4041748046875
-0.155517578125
-0.48260498046875
-0.41534423828125
-0.19696044921875
0.08013916015625
0.21575927734375
-0.646484375
0.11016845703125
-0.14910888671875
-0.92462158203125
-0.669921875
-0.3017578125
-0.1556396484375
-0.6331787109375
-0.3333740234375
0.35919189453125
0.41522216796875
-0.2080078125
-0.00689697265625
0.04278564453125
0.3682861328125
-0.167724609375
-0.55853271484375
-0.21710205078125
0.8765869140625
0.028564453125
0.33056640625
0.6788330078125
-0.85650634765625
-0.35125732421875
-0.302978515625
-0.468994140625
-0.3768310546875
-0.7503662109375
0.34637451171875
0.88250732421875
0.40020751953125
-0.1556396484375
-0.19586181640625
-0.31719970703125
-0.4083251953125
-0.1468505859375
-0.97979736328125
0.08111572265625
-0.4300537109375
0.232421875
-0.38897705078125
0.3292236328125
-0.28436279296875
-0.2940673828125
0.4232177734375
0.04254150390625
-0.7109375
0.258544921875
-0.27557373046875
-0.14306640625
0.29833984375
-0.57696533203125
-0.14312744140625
0.46881103515625
-0.24169921875
0.261962890625
0.5137939453125
-0.1768798828125
-0.52545166015625
-0.87042236328125
0.00469970703125
0.26715087890625
0.41741943359375
0.32073974609375
-0.13238525390625
-0.4661865234375
0.510009765625
0.3819580078125
0.13323974609375
0.15142822265625
-0.4044189453125
-1.37786865234375
-0.10369873046875
0.623046875
0.6923828125
0.2755126953125
-1.014404296875
0.0235595703125
0.1240234375
-0.58984375
0.1463623046875
-0.360107421875
-0.9127197265625
1.07904052734375
0.6180419921875
0.693115234375
0.41943359375
-1.87005615234375
-1.63916015625
0.033203125
-0.80133056640625
-0.60595703125
-0.1715087890625
-0.697265625
0.3812255859375
0.25189208984375
-0.24359130859375
-0.15130615234375
0.6162109375
-0.4742431640625
0.071044921875
0.91571044921875
-1.6383056640625
-0.671630859375
0.1524658203125
0.51129150390625
0.4727783203125
-0.55999755859375
-0.23480224609375
0.04266357421875
-0.8948974609375
0.239013671875
1.17047119140625
0.454833984375
-1.0999755859375
0.4237060546875
-0.08123779296875
0.35650634765625
-0.1322021484375
0.13720703125
-0.69354248046875
-0.75701904296875
1.04083251953125
0.0078125
-0.78076171875
0.225830078125
-0.04412841796875
-0.06964111328125
0.03643798828125
0.683837890625
-0.09796142578125
-0.41119384765625
-0.74920654296875
-0.4962158203125
0.4998779296875
-0.1544189453125
-0.02130126953125
0.345947265625
0.43341064453125
0.56939697265625
-0.15606689453125
-0.589111328125
-0.4266357421875
0.1319580078125
0.28887939453125
0.74176025390625
-0.1500244140625
0.26361083984375
-0.107177734375
0.0113525390625
-0.003173828125
-0.50469970703125
-0.14996337890625
-0.20697021484375
0.53216552734375
0.06634521484375
0.10504150390625
-0.16802978515625
-0.560546875
-0.05548095703125
0.83721923828125
0.0128173828125
-0.3916015625
-0.7518310546875
0.134765625
0.0107421875
-0.56732177734375
-0.21673583984375
0.95037841796875
-0.18841552734375
0.1512451171875
-0.13800048828125
0.16412353515625
-0.26593017578125
0.08135986328125
0.2633056640625
0.1302490234375
0.28778076171875
0.7066650390625
0.0133056640625
0.22857666015625
-0.149658203125
-0.350830078125
-0.4327392578125
0.304931640625
-0.69500732421875
-0.28546142578125
0.13092041015625
1.18060302734375
0.37786865234375
-0.85980224609375
-0.83197021484375
-0.21173095703125
0.32879638671875
-0.98187255859375
0.0325927734375
-0.372802734375
0.0137939453125
-0.2998046875
-0.0360107421875
0.1192626953125
-0.204833984375
0.281494140625
-0.17205810546875
-0.47119140625
-0.5101318359375
-0.1378173828125
0.1748046875
-0.3677978515625
0.01629638671875
-0.27935791015625
-0.46527099609375
0.57958984375
-0.60650634765625
-0.07501220703125
0.62298583984375
-0.4913330078125
0.5404052734375
0.26080322265625
0.29022216796875
-0.59100341796875
-1.08544921875
-1.1490478515625
0.56219482421875
0.11334228515625
-0.0750732421875
-0.5042724609375
-0.22711181640625
0.7061767578125
0.5797119140625
-0.1502685546875
-0.0322265625
-0.05413818359375
-0.1820068359375
-0.6807861328125
0.98248291015625
0.68353271484375
-0.805908203125
-1.07623291015625
-0.38262939453125
0.40924072265625
-0.16986083984375
0.61627197265625
0.4248046875
-0.38311767578125
-0.6793212890625
-0.2493896484375
0.3603515625
0.4239501953125
-0.897705078125
-1.2044677734375
0.21368408203125
0.7554931640625
0.397216796875
-1.17108154296875
-0.64251708984375
0.56304931640625
1.32720947265625
0.3900146484375
-0.6768798828125
0.7138671875
-0.63092041015625
0.37152099609375
-0.08331298828125
-2.13909912109375
-0.814697265625
1.0078125
0.3468017578125
0.1976318359375
-0.168701171875
-1.05902099609375
0.0572509765625
-0.181640625
-1.443115234375
0.1087646484375
-0.4013671875
-0.9404296875
0.51507568359375
-0.6800537109375
0.89263916015625
-0.12054443359375
-0.5906982421875
-0.54107666015625
-0.6875
-0.2615966796875
0.00274658203125
0.0799560546875
-0.0087890625
-0.3912353515625
-0.26141357421875
-0.98529052734375
0.74224853515625
-0.03466796875
-0.846435546875
0.35186767578125
-0.65576171875
0.3555908203125
0.180419921875
-0.7169189453125
0.4366455078125
0.27349853515625
0.05145263671875
0.3724365234375
0.22454833984375
-1.24639892578125
-0.08416748046875
-0.554443359375
0.05609130859375
0.10888671875
-0.22418212890625
-0.048828125
0.43731689453125
-0.208251953125
0.1573486328125
-0.75213623046875
0.0625
0.5623779296875
0.2679443359375
-0.1558837890625
0.07818603515625
0.17242431640625
-0.23529052734375
-0.6917724609375
0.21197509765625
0.41845703125
-0.0648193359375
-0.890380859375
0.36553955078125
-0.3885498046875
-0.02825927734375
0.28717041015625
-0.591064453125
-0.16168212890625
-0.42120361328125
0.09649658203125
0.43194580078125
-0.2125244140625
-0.8245849609375
-0.476806640625
-0.26251220703125
-0.2987060546875
0.102294921875
-0.3546142578125
0.33001708984375
-0.12158203125
-0.76837158203125
-0.33245849609375
0.09912109375
0.3546142578125
-0.69586181640625
-0.24237060546875
-0.194580078125
0.1519775390625
0.39361572265625
0.21990966796875
-0.91021728515625
-0.272705078125
-0.3892822265625
-0.51611328125
-0.34521484375
-0.182861328125
-0.36566162109375
0.7288818359375
-0.60357666015625
-1.34442138671875
-0.1505126953125
-0.5643310546875
-0.14599609375
-0.111083984375
-0.32830810546875
-0.03485107421875
0.4693603515625
-0.62542724609375
-0.37188720703125
-0.26934814453125
0.26904296875
-0.73260498046875
-0.2498779296875
-0.127685546875
-0.3355712890625
-0.48870849609375
-1.17535400390625
-0.23541259765625
-0.44769287109375
-0.3787841796875
-0.8017578125
-0.09893798828125
0.50323486328125
-0.1783447265625
0.0283203125
-0.23065185546875
-0.33258056640625
0.5048828125
-0.2374267578125
-0.1629638671875
-0.2003173828125
-0.4525146484375
0.27587890625
0.22503662109375
0.5040283203125
-0.213623046875
0.99139404296875
-0.03173828125
-0.255615234375
-0.4256591796875
-0.042236328125
0.5009765625
0.20068359375
0.05218505859375
-0.75390625
-0.31866455078125
0.05682373046875
0.638916015625
-0.129638671875
-0.32977294921875
0.595947265625
-0.5235595703125
-1.42620849609375
-0.88818359375
0.517333984375
1.04864501953125
0.5225830078125
0.30731201171875
0.257080078125
-0.164306640625
-1.1334228515625
-0.68402099609375
0.32086181640625
-1.03118896484375
1.0118408203125
0.205810546875
-0.1229248046875
0.2208251953125
-1.39215087890625
-1.21533203125
0.92559814453125
-0.64697265625
-0.4747314453125
0.23565673828125
-0.58538818359375
-0.75726318359375
-0.79791259765625
-0.18408203125
1.2884521484375
0.50140380859375
-0.2200927734375
0.898193359375
-0.92181396484375
-0.577880859375
-0.4642333984375
-0.97613525390625
0.49847412109375
-0.26409912109375
0.43096923828125
0.70697021484375
-0.41741943359375
-1.73736572265625
0.25396728515625
-0.6722412109375
0.4132080078125
0.85125732421875
-0.98870849609375
0.2303466796875
0.57952880859375
-0.0709228515625
0.0654296875
-0.2967529296875
-0.048828125
0.88092041015625
-0.22540283203125
-0.77496337890625
-0.19818115234375
0.67303466796875
-0.400634765625
-0.236572265625
0.4794921875
-1.01483154296875
-0.955078125
-0.38446044921875
0.08319091796875
0.0701904296875
-0.43585205078125
-0.12823486328125
0.07061767578125
0.0
0.109130859375
-0.2879638671875
-0.22320556640625
-0.56640625
-0.32293701171875
-0.6234130859375
-0.32977294921875
-0.15826416015625
-0.248291015625
-0.571044921875
-0.0487060546875
-0.31365966796875
-0.1964111328125
-0.195068359375
0.14208984375
0.12701416015625
0.08740234375
0.02288818359375
0.22027587890625
-0.4866943359375
-0.0723876953125
0.28143310546875
0.26312255859375
0.497314453125
-0.3182373046875
-0.365234375
0.167236328125
0.04254150390625
-0.45263671875
0.1763916015625
-0.39910888671875
0.10919189453125
0.00531005859375
-0.08172607421875
-0.1724853515625
0.089599609375
0.10675048828125
-0.255859375
-0.12579345703125
-0.2291259765625
0.18475341796875
0.49285888671875
-0.23443603515625
-0.07916259765625
0.16925048828125
-0.70477294921875
0.08526611328125
0.421875
-0.38677978515625
-0.3248291015625
-0.7965087890625
-0.38067626953125
-0.22320556640625
-0.71954345703125
0.11968994140625
-0.0194091796875
-0.49017333984375
0.1424560546875
-0.261962890625
-0.631591796875
-0.2999267578125
0.539306640625
-0.1358642578125
-0.25091552734375
0.4638671875
-0.28594970703125
0.41754150390625
-0.20849609375
-0.374755859375
-0.75262451171875
-0.1728515625
-1.00933837890625
-0.537841796875
-0.34521484375
0.25994873046875
-0.52520751953125
-0.10186767578125
0.13958740234375
-0.24945068359375
0.16107177734375
-0.71746826171875
-0.29058837890625
-0.68914794921875
-0.08111572265625
-0.67828369140625
-0.1907958984375
-0.06939697265625
-0.30706787109375
0.0963134765625
0.10980224609375
-0.0758056640625
-0.47003173828125
-0.0797119140625
-0.597412109375
-0.1190185546875
-0.0628662109375
0.04949951171875
-0.5682373046875
-0.02789306640625
-0.994384765625
-0.36419677734375
0.45269775390625
0.400390625
0.79156494140625
0.005126953125
-0.73193359375
-1.0465087890625
-1.21417236328125
-0.59869384765625
1.06451416015625
0.26873779296875
-0.75628662109375
0.00732421875
0.74200439453125
0.5296630859375
-1.04156494140625
-0.545166015625
-0.72198486328125
0.75653076171875
0.5474853515625
-0.334716796875
-0.2530517578125
-0.02789306640625
-0.35711669921875
0.43280029296875
-0.55377197265625
0.22174072265625
0.24591064453125
-0.1751708984375
0.93341064453125
0.4200439453125
-0.33441162109375
-0.7105712890625
0.43359375
0.04840087890625
0.2718505859375
0.056884765625
-0.2965087890625
-0.5535888671875
-0.09454345703125
0.695068359375
0.0885009765625
0.615478515625
-0.25299072265625
-0.833984375
-0.3431396484375
0.0704345703125
-0.20172119140625
0.36773681640625
-0.22113037109375
-0.64630126953125
-0.77423095703125
1.137939453125
0.75323486328125
-1.381103515625
-0.37652587890625
-0.5616455078125
0.34814453125
-0.022216796875
-0.38677978515625
-0.729736328125
0.03759765625
0.98193359375
-0.12860107421875
-1.21343994140625
-0.67230224609375
-0.28369140625
-0.59783935546875
-0.27691650390625
-0.41851806640625
0.14208984375
-0.253662109375
-0.235595703125
-0.17022705078125
-0.38214111328125
-1.30938720703125
-0.52044677734375
-0.75738525390625
-0.6285400390625
-0.44696044921875
-0.2852783203125
0.76116943359375
-0.3935546875
-0.4639892578125
0.13739013671875
-0.08526611328125
-0.669921875
0.24468994140625
0.1939697265625
0.042236328125
0.2740478515625
-0.64337158203125
-0.136962890625
-0.08770751953125
-0.210205078125
-0.01116943359375
-0.734619140625
-0.35064697265625
0.2327880859375
0.245361328125
-0.7437744140625
-0.08270263671875
-0.31134033203125
-1.076416015625
0.4254150390625
0.64605712890625
-0.5958251953125
-0.3216552734375
0.45166015625
-0.25054931640625
0.04150390625
-0.7808837890625
0.3631591796875
0.124755859375
0.170654296875
-0.21881103515625
0.03460693359375
-0.30181884765625
-0.3111572265625
-0.0765380859375
-0.032958984375
0.742431640625
0.38092041015625
-0.03118896484375
0.4207763671875
-1.02044677734375
0.12200927734375
-0.07452392578125
0.35540771484375
0.0926513671875
0.3321533203125
0.36865234375
0.0076904296875
-0.6566162109375
-0.08380126953125
0.033935546875
-1.15869140625
-0.1361083984375
0.40899658203125
0.27874755859375
0.03533935546875
-0.52667236328125
-0.46966552734375
-0.93341064453125
-0.31878662109375
0.4793701171875
-0.271240234375
-0.80767822265625
-0.4923095703125
0.31903076171875
-0.2391357421875
0.10809326171875
-0.1962890625
-0.31353759765625
-0.35980224609375
-0.22674560546875
-0.01507568359375
-0.8758544921875
0.03814697265625
-0.22906494140625
-0.143310546875
-0.246826171875
-0.064697265625
-0.11474609375
0.14666748046875
0.00128173828125
-0.49981689453125
-0.2310791015625
0.16107177734375
-0.12060546875
-0.37799072265625
0.69873046875
-0.6641845703125
-1.033935546875
-0.27593994140625
0.2303466796875
-0.19097900390625
-0.4136962890625
-0.2540283203125
-0.5428466796875
-0.9556884765625
0.24774169921875
0.4281005859375
0.60003662109375
-0.34136962890625
-1.149658203125
0.17144775390625
0.5550537109375
0.44140625
-0.2254638671875
0.49456787109375
0.155029296875
0.21240234375
0.21337890625
0.13360595703125
0.62750244140625
-0.97369384765625
0.50592041015625
1.38427734375
-0.1275634765625
-0.31085205078125
0.63775634765625
-0.1939697265625
0.31585693359375
0.5308837890625
-0.11285400390625
0.05767822265625
0.111083984375
0.10577392578125
-0.43609619140625
-0.204833984375
-0.47454833984375
-0.4136962890625
-0.4754638671875
-0.1041259765625
0.27679443359375
-0.17657470703125
0.11676025390625
-0.41748046875
-0.9300537109375
-0.18865966796875
1.06671142578125
-0.365478515625
-0.2293701171875
-0.396728515625
-0.725341796875
0.6005859375
-0.02178955078125
-1.80035400390625
-0.14935302734375
-0.72845458984375
-0.1888427734375
-0.199462890625
-0.5396728515625
0.215087890625
0.290283203125
0.18609619140625
-0.33770751953125
-0.17236328125
-0.22760009765625
0.36785888671875
0.0946044921875
0.32391357421875
0.14398193359375
-0.1009521484375
-0.002685546875
0.230224609375
-0.28485107421875
-0.88165283203125
-0.009521484375
-0.382568359375
-0.51519775390625
0.382080078125
0.32928466796875
-0.0517578125
-0.41168212890625
-0.74609375
-0.36993408203125
-0.070556640625
0.0238037109375
-0.43939208984375
-0.8095703125
0.34552001953125
-0.8682861328125
0.7872314453125
-0.50628662109375
-0.56640625
0.08642578125
-0.513671875
0.28314208984375
0.25830078125
-0.4818115234375
-0.64111328125
-0.11138916015625
0.02227783203125
-0.30853271484375
-0.12347412109375
-0.10003662109375
-0.1129150390625
0.03680419921875
-0.01690673828125
0.0538330078125
-0.0504150390625
0.111328125
0.5616455078125
-0.02862548828125
-0.400634765625
-0.16448974609375
-0.89764404296875
-0.691162109375
-0.41717529296875
0.20745849609375
0.19775390625
-0.115966796875
-0.8642578125
-0.2149658203125
-0.18994140625
-0.0831298828125
-0.24871826171875
-0.635498046875
0.578857421875
-0.2772216796875
-0.202392578125
0.0531005859375
-0.53277587890625
-0.5509033203125
0.12518310546875
-0.0908203125
-0.44989013671875
0.5718994140625
-0.01861572265625
-0.0030517578125
0.53826904296875
-0.09014892578125
-0.82537841796875
-0.49224853515625
0.06768798828125
-0.1419677734375
-0.4031982421875
-0.14208984375
-0.48858642578125
-0.56982421875
0.6094970703125
0.10107421875
-0.8187255859375
-0.317626953125
-0.2532958984375
0.374755859375
-0.2786865234375
0.414794921875
-0.2701416015625
-0.42041015625
-0.27386474609375
0.34832763671875
0.19769287109375
0.07952880859375
-0.30029296875
-0.85198974609375
-0.28363037109375
0.66156005859375
-0.0264892578125
0.1044921875
0.4544677734375
-0.28192138671875
0.9779052734375
-0.16717529296875
0.0128173828125
-0.05743408203125
0.19964599609375
-0.3621826171875
0.41461181640625
0.123779296875
-0.58258056640625
-0.3663330078125
0.13433837890625
0.22503662109375
-0.16278076171875
0.488037109375
-0.1453857421875
-0.74993896484375
0.50494384765625
-0.16790771484375
-0.10797119140625
-0.52593994140625
-0.2691650390625
0.7586669921875
0.92938232421875
-0.38671875
-0.21612548828125
-1.0927734375
0.256103515625
0.74151611328125
-0.6199951171875
-0.0670166015625
-1.123046875
-0.4051513671875
0.08099365234375
-0.62115478515625
-0.11968994140625
0.56854248046875
0.84283447265625
-0.40234375
-0.300048828125
-0.1092529296875
-0.4141845703125
-0.631103515625
-0.4534912109375
0.2705078125
0.49102783203125
1.06939697265625
0.70745849609375
-1.91497802734375
-0.69580078125
-1.18231201171875
0.34478759765625
-0.52337646484375
-0.593017578125
0.416259765625
-0.010009765625
0.88946533203125
0.67462158203125
-1.6068115234375
0.69573974609375
0.3409423828125
-0.73406982421875
0.29937744140625
-1.4468994140625
-0.82110595703125
0.1593017578125
-0.448486328125
-0.57232666015625
0.2120361328125
-0.47393798828125
0.6280517578125
-0.17047119140625
-0.30645751953125
0.342041015625
0.159423828125
-0.14898681640625
-0.5233154296875
-0.03326416015625
0.332763671875
0.37847900390625
0.064208984375
0.04461669921875
0.04071044921875
0.87200927734375
-0.20477294921875
0.2674560546875
-0.21533203125
0.23907470703125
0.12738037109375
0.228759765625
0.0682373046875
0.19622802734375
0.57659912109375
0.85931396484375
-0.253173828125
0.34869384765625
-0.17926025390625
0.0751953125
0.42156982421875
-0.27935791015625
0.2452392578125
-0.72412109375
-0.25628662109375
0.01861572265625
-0.59503173828125
-0.173828125
-0.1807861328125
-0.77459716796875
-0.39752197265625
0.05810546875
-0.0382080078125
0.68511962890625
-0.57232666015625
0.1151123046875
0.02294921875
0.23077392578125
-0.54656982421875
0.06048583984375
-0.53594970703125
-0.6265869140625
0.01666259765625
-0.8697509765625
0.0826416015625
-0.0743408203125
0.5579833984375
-0.4439697265625
0.5333251953125
0.1402587890625
0.0550537109375
0.052001953125
-0.1605224609375
-0.21075439453125
-0.064697265625
0.050048828125
-0.80804443359375
-0.61419677734375
-0.653564453125
0.05474853515625
0.09698486328125
0.49554443359375
-1.2835693359375
-0.247802734375
-0.1585693359375
-0.25396728515625
-0.754638671875
-0.175048828125
-0.551025390625
-0.02581787109375
-0.41192626953125
-0.03033447265625
0.1314697265625
-0.6441650390625
-0.49542236328125
-0.90350341796875
0.334228515625
0.24603271484375
0.08154296875
-0.44842529296875
-0.16571044921875
-0.46612548828125
-0.44342041015625
-0.44281005859375
-0.36431884765625
-1.1614990234375
-0.327392578125
-0.79425048828125
0.1583251953125
0.24066162109375
-0.08941650390625
0.01007080078125
-0.70806884765625
0.0323486328125
1.04541015625
0.42376708984375
0.06787109375
-1.23236083984375
-1.39959716796875
-0.62841796875
0.19189453125
0.23565673828125
0.609375
-0.10467529296875
-0.35498046875
-0.22265625
-0.69329833984375
-0.9822998046875
0.23193359375
0.31866455078125
0.07659912109375
-0.41363525390625
-0.14434814453125
-0.6279296875
-0.38262939453125
-1.27392578125
-0.29608154296875
0.347900390625
-0.9423828125
-0.364990234375
0.73785400390625
-0.1827392578125
-0.45074462890625
-1.04058837890625
-0.693603515625
-0.3851318359375
-0.78375244140625
-0.037109375
0.54547119140625
0.1510009765625
0.302978515625
-0.4091796875
-0.2060546875
-0.57958984375
0.61077880859375
0.97314453125
-0.56298828125
-0.81689453125
-0.0377197265625
-0.69873046875
-0.74359130859375
0.73046875
-0.0400390625
-0.5540771484375
-0.47625732421875
-0.139892578125
0.35272216796875
-0.38116455078125
-0.37725830078125
0.443359375
-0.0762939453125
0.27032470703125
0.54522705078125
-0.29022216796875
0.01739501953125
-0.07952880859375
0.21966552734375
0.1722412109375
0.50830078125
-0.24407958984375
-0.01605224609375
0.9034423828125
0.42779541015625
-0.48583984375
-0.5440673828125
0.190185546875
-0.176025390625
-0.28582763671875
0.77044677734375
0.04833984375
-0.1812744140625
-0.0423583984375
0.17822265625
0.31549072265625
-0.41119384765625
-0.18505859375
0.6038818359375
0.12713623046875
-0.0487060546875
0.42608642578125
0.53338623046875
0.25048828125
-0.13323974609375
0.06085205078125
0.5087890625
0.18927001953125
-0.12872314453125
-0.076904296875
0.69775390625
0.5125732421875
-0.18243408203125
-0.3560791015625
0.22607421875
-0.3145751953125
0.05645751953125
0.00421142578125
-0.31427001953125
-0.3768310546875
0.34002685546875
-0.31512451171875
-0.5771484375
0.46673583984375
0.04302978515625
-0.421875
-0.2711181640625
-0.70318603515625
-0.43731689453125
-0.63916015625
0.03900146484375
-0.6512451171875
-0.20977783203125
-0.38665771484375
0.20751953125
-0.63800048828125
0.1412353515625
-0.04681396484375
-0.508544921875
-0.5501708984375
0.5572509765625
0.84930419921875
-0.41400146484375
-0.10552978515625
-0.5269775390625
-0.4532470703125
-0.24530029296875
0.31488037109375
-0.1187744140625
-0.61798095703125
-0.51409912109375
-0.12750244140625
0.46356201171875
-0.2132568359375
-0.5887451171875
-0.20428466796875
0.2296142578125
-0.45843505859375
-0.15283203125
0.1710205078125
0.064697265625
0.38189697265625
-0.09197998046875
-0.67303466796875
-0.35162353515625
-0.43841552734375
-0.24517822265625
0.00830078125
-0.3486328125
-0.12744140625
0.5325927734375
-0.4222412109375
-0.3916015625
-0.106689453125
-0.37823486328125
-0.28985595703125
-0.31903076171875
0.6185302734375
0.357421875
0.68524169921875
0.1932373046875
-0.56219482421875
-0.1856689453125
0.19488525390625
0.1427001953125
-0.29266357421875
-0.30560302734375
-0.34124755859375
-1.03070068359375
0.1597900390625
-0.292236328125
-0.03533935546875
1.059814453125
0.7869873046875
-0.644775390625
-0.1173095703125
-0.03375244140625
0.15911865234375
0.222412109375
-0.07366943359375
-0.4635009765625
-0.5775146484375
-1.75958251953125
-0.2557373046875
0.83843994140625
0.39849853515625
0.340087890625
-1.51861572265625
0.532958984375
0.00958251953125
0.305419921875
0.1602783203125
-0.15740966796875
-0.03692626953125
0.106689453125
0.25140380859375
-0.38360595703125
-1.0718994140625
-0.15289306640625
0.91143798828125
-1.33770751953125
0.12152099609375
0.97802734375
0.30755615234375
-0.24676513671875
-0.12823486328125
-1.19293212890625
-0.02410888671875
-0.1893310546875
0.15411376953125
0.05352783203125
-0.931884765625
-0.02825927734375
-0.53875732421875
-1.4061279296875
0.32720947265625
0.95147705078125
0.0999755859375
0.0279541015625
-0.546630859375
-1.39385986328125
1.2308349609375
-0.05120849609375
-0.53448486328125
-0.4158935546875
-0.591552734375
0.44091796875
0.63214111328125
0.26483154296875
-0.06396484375
-0.983642578125
0.0267333984375
0.5150146484375
0.47894287109375
0.41851806640625
0.08831787109375
-0.10198974609375
0.16058349609375
0.63232421875
0.03228759765625
0.5394287109375
0.266845703125
0.41064453125
0.094970703125
-0.54571533203125
-0.11541748046875
0.06298828125
0.47711181640625
0.44512939453125
-0.012939453125
0.09149169921875
-0.5802001953125
-0.28253173828125
0.1185302734375
-0.37353515625
-0.378662109375
-0.2486572265625
1.378662109375
0.32720947265625
0.76263427734375
0.77508544921875
-0.1656494140625
-0.8238525390625
-0.48992919921875
-0.02508544921875
-0.37542724609375
-0.35992431640625
-0.18719482421875
0.19879150390625
0.093017578125
-0.150634765625
0.11199951171875
-0.35589599609375
-0.17529296875
0.97540283203125
0.120361328125
-0.5947265625
-0.6514892578125
-0.1221923828125
-0.83624267578125
-0.543212890625
-0.62371826171875
0.36346435546875
0.20550537109375
-0.25531005859375
-0.5006103515625
-0.35382080078125
-0.10711669921875
-0.552978515625
-0.5489501953125
0.3206787109375
-0.26300048828125
-0.40130615234375
0.1201171875
-0.10076904296875
-0.04931640625
-0.32196044921875
0.2320556640625
0.12164306640625
0.1729736328125
-0.23187255859375
0.2152099609375
-0.0413818359375
-0.1505126953125
-0.5455322265625
-0.6195068359375
0.18060302734375
-0.638671875
-0.30377197265625
-0.45697021484375
-0.24713134765625
-0.21234130859375
-0.87884521484375
-0.074462890625
-0.4647216796875
0.26416015625
0.38897705078125
0.76031494140625
0.19073486328125
0.81976318359375
-0.99310302734375
-0.33245849609375
0.20220947265625
0.0523681640625
-0.1959228515625
-0.1595458984375
0.13018798828125
-0.873046875
-0.098876953125
0.23236083984375
-0.20867919921875
-0.26287841796875
-0.17364501953125
-0.0694580078125
-0.16290283203125
-0.976806640625
-0.2259521484375
0.2864990234375
0.11480712890625
-0.21185302734375
0.10015869140625
-0.7794189453125
-0.6787109375
1.2076416015625
0.44097900390625
-0.26025390625
-0.65936279296875
-1.288818359375
0.1729736328125
0.231201171875
-0.1397705078125
0.4078369140625
-0.74200439453125
-0.13330078125
-0.54058837890625
-0.14111328125
0.80999755859375
0.10223388671875
0.9219970703125
0.04498291015625
-0.94989013671875
0.3138427734375
0.40087890625
-1.49298095703125
-0.660888671875
-0.715087890625
-0.07012939453125
0.25390625
0.00335693359375
-0.32818603515625
-0.07220458984375
-0.6392822265625
0.703857421875
-0.595458984375
-0.3375244140625
-0.9400634765625
1.0809326171875
0.50592041015625
-1.029052734375
0.38275146484375
0.0635986328125
0.42437744140625
-0.1336669921875
-0.4810791015625
-0.64837646484375
-0.4066162109375
-0.92230224609375
-0.5487060546875
0.51318359375
0.358642578125
0.8172607421875
-0.62005615234375
-0.64703369140625
-0.98199462890625
-0.7021484375
0.6192626953125
-0.46112060546875
-1.20306396484375
0.2791748046875
-0.4503173828125
0.48553466796875
-0.62542724609375
-1.04876708984375
-0.1319580078125
0.1153564453125
0.1434326171875
0.3829345703125
-0.3565673828125
-0.28253173828125
0.1322021484375
0.51123046875
0.14300537109375
-0.53216552734375
0.40631103515625
0.2288818359375
-0.0037841796875
0.21051025390625
-0.46435546875
0.12939453125
-0.3468017578125
0.35040283203125
0.40643310546875
-0.4659423828125
0.3157958984375
0.36334228515625
0.33905029296875
0.14300537109375
-0.35504150390625
-0.2547607421875
-0.2320556640625
-0.431884765625
0.64154052734375
0.11370849609375
-0.11187744140625
-0.06494140625
-0.3856201171875
0.33135986328125
0.19427490234375
0.10076904296875
-0.0111083984375
0.33038330078125
-0.279296875
-0.1982421875
0.25030517578125
0.4981689453125
-0.31109619140625
0.01873779296875
1.02752685546875
0.44366455078125
-0.2813720703125
-0.22723388671875
-0.4957275390625
0.17205810546875
-0.05084228515625
-1.01654052734375
-0.66619873046875
0.15625
0.23089599609375
-0.20111083984375
-0.125732421875
-0.6212158203125
0.02020263671875
-0.28076171875
0.55902099609375
0.8060302734375
0.33502197265625
-0.54791259765625
0.16943359375
-0.369873046875
-0.38800048828125
-0.46527099609375
-0.10992431640625
0.16278076171875
-0.6971435546875
-0.3399658203125
-0.380615234375
-0.71295166015625
-0.50775146484375
-0.26361083984375
-0.2904052734375
0.1824951171875
-0.254638671875
-0.03948974609375
-0.4105224609375
0.143310546875
-0.91387939453125
-0.58599853515625
0.24530029296875
0.18927001953125
-0.2791748046875
-0.4007568359375
-0.73907470703125
0.00640869140625
0.45440673828125
-0.82672119140625
-0.4537353515625
-1.04693603515625
0.1519775390625
-0.09033203125
-0.05059814453125
-0.8070068359375
0.089111328125
-0.16650390625
-0.47930908203125
-0.6318359375
-0.50860595703125
0.05084228515625
0.35693359375
-0.27703857421875
-0.505126953125
-0.394775390625
0.38330078125
-0.84820556640625
0.21942138671875
0.25128173828125
0.4521484375
-0.05859375
0.22515869140625
0.23443603515625
-0.86810302734375
-0.78271484375
-0.58843994140625
-0.22216796875
0.36474609375
0.2470703125
-0.11798095703125
-0.031005859375
-0.86474609375
-0.85772705078125
-0.38385009765625
0.11083984375
-0.30108642578125
-1.2913818359375
-0.584716796875
0.117431640625
-0.43109130859375
-0.69757080078125
-0.38873291015625
-0.2840576171875
1.09906005859375
-0.08868408203125
0.13232421875
1.18536376953125
-2.10595703125
-0.20391845703125
0.547119140625
-1.99261474609375
-1.17779541015625
1.45355224609375
-0.07940673828125
0.87481689453125
-0.1187744140625
-1.1622314453125
0.659912109375
-0.14178466796875
-0.88470458984375
0.52154541015625
-0.04754638671875
-0.76043701171875
0.4876708984375
-0.6097412109375
0.42291259765625
0.96392822265625
-0.13873291015625
0.26239013671875
-0.34283447265625
-1.2777099609375
0.49200439453125
-0.0775146484375
-0.1220703125
0.45379638671875
-0.25030517578125
0.00048828125
0.5450439453125
-0.52496337890625
-0.2218017578125
-0.12408447265625
-0.543701171875
-0.2652587890625
0.38775634765625
-0.4368896484375
-1.3619384765625
-0.443115234375
1.02886962890625
0.54327392578125
-1.2847900390625
-0.0673828125
-0.33135986328125
-0.01220703125
0.012451171875
-0.770263671875
-0.68804931640625
-0.55865478515625
0.31927490234375
0.04180908203125
0.19384765625
-0.862060546875
-0.315673828125
1.28436279296875
-0.61407470703125
-0.24346923828125
-0.13311767578125
-0.184326171875
-0.68707275390625
-0.09967041015625
-0.14208984375
0.13690185546875
-0.1419677734375
0.03753662109375
0.17059326171875
-0.57562255859375
0.19427490234375
-0.07904052734375
-0.7611083984375
0.04876708984375
0.414306640625
-0.7210693359375
-0.29083251953125
-0.08123779296875
-0.463623046875
-0.6114501953125
-0.5509033203125
0.35028076171875
-0.21673583984375
-0.12384033203125
-0.3125
-0.065673828125
-0.42059326171875
-0.2918701171875
-0.03533935546875
0.4979248046875
-0.067138671875
-0.292236328125
0.06976318359375
0.2449951171875
-0.134521484375
-0.14947509765625
-0.65887451171875
-0.5125732421875
0.2371826171875
-0.03741455078125
-0.14202880859375
0.48876953125
-0.406982421875
-0.45068359375
-0.45770263671875
-0.463623046875
0.13623046875
0.377197265625
-0.199462890625
-0.06036376953125
-0.092041015625
-0.15948486328125
-0.8499755859375
-0.19415283203125
0.17132568359375
-0.8375244140625
0.11419677734375
-0.56573486328125
0.3970947265625
-0.703857421875
-0.11260986328125
-0.6241455078125
-0.43670654296875
-0.43756103515625
-0.3245849609375
-0.54632568359375
-0.16937255859375
0.02996826171875
-0.56964111328125
0.1737060546875
-0.08404541015625
0.569091796875
-0.45062255859375
-0.30364990234375
0.264404296875
-0.4150390625
-0.1409912109375
-0.419189453125
0.40948486328125
-0.09027099609375
-0.2198486328125
0.44183349609375
-0.036865234375
-0.72320556640625
0.660888671875
-0.00299072265625
-0.47491455078125
0.355712890625
0.313720703125
-0.29779052734375
0.47369384765625
0.1776123046875
-0.2393798828125
-1.58416748046875
0.18438720703125
0.04345703125
0.291748046875
0.3311767578125
0.9945068359375
-0.4571533203125
-1.7744140625
-0.5511474609375
-0.08575439453125
0.19207763671875
-0.14776611328125
-0.7049560546875
-0.8660888671875
-0.34051513671875
-0.2764892578125
-0.5068359375
0.0496826171875
-0.5875244140625
0.93084716796875
0.626220703125
0.6904296875
1.03753662109375
-0.74395751953125
-1.0548095703125
0.46063232421875
-0.3685302734375
0.22222900390625
-0.682373046875
-0.49420166015625
-0.46612548828125
-0.25494384765625
0.12457275390625
-1.03759765625
0.05535888671875
-0.6605224609375
0.03790283203125
-0.21258544921875
-1.07965087890625
0.0091552734375
-0.32623291015625
-0.24127197265625
0.8931884765625
-0.12939453125
-0.21539306640625
0.048583984375
-0.33221435546875
-0.4285888671875
0.302490234375
0.061767578125
0.49169921875
0.12127685546875
0.04681396484375
1.5028076171875
0.11199951171875
-1.49163818359375
-0.649169921875
0.10064697265625
-0.279052734375
0.04815673828125
-0.14349365234375
-0.65625
0.1639404296875
0.0552978515625
0.1539306640625
-0.220703125
0.099609375
-0.7032470703125
-0.69781494140625
-0.255126953125
0.27056884765625
-0.43963623046875
-0.90655517578125
0.23223876953125
-0.06414794921875
0.09539794921875
0.14678955078125
-0.55035400390625
-0.14886474609375
0.0115966796875
-0.49456787109375
0.5604248046875
0.409912109375
-0.0025634765625
0.5216064453125
-0.2469482421875
0.321044921875
-0.00335693359375
-0.85955810546875
-0.01171875
-0.1846923828125
0.03021240234375
0.2607421875
-0.085693359375
-0.54449462890625
-0.0791015625
0.1435546875
0.556640625
-0.236572265625
0.43701171875
-0.189453125
-0.10369873046875
0.45086669921875
-0.45416259765625
-0.3306884765625
-0.2093505859375
0.3497314453125
-0.39605712890625
-0.33489990234375
-0.725830078125
0.41925048828125
-0.31512451171875
-0.84600830078125
0.1839599609375
0.51190185546875
0.27398681640625
-0.830810546875
0.115234375
0.23388671875
0.252685546875
-0.1939697265625
-0.291748046875
-0.59405517578125
0.54852294921875
-0.3345947265625
0.2064208984375
-0.10650634765625
-0.2618408203125
-0.839111328125
0.26849365234375
0.40130615234375
-0.18853759765625
-0.17535400390625
0.0999755859375
-0.70733642578125
0.13409423828125
-0.7032470703125
-0.311767578125
0.14251708984375
0.04400634765625
0.51611328125
0.2698974609375
-0.18157958984375
-0.37152099609375
-0.32012939453125
0.23248291015625
-1.33135986328125
-0.0401611328125
-0.01861572265625
-0.5626220703125
0.19000244140625
0.17022705078125
-0.66693115234375
-0.5718994140625
-0.146484375
-0.65997314453125
-0.0665283203125
-0.395263671875
-0.4295654296875
0.1407470703125
0.37896728515625
-0.27703857421875
0.55029296875
-0.14422607421875
-0.31494140625
-0.439453125
-0.11407470703125
-0.864501953125
0.181396484375
0.436279296875
0.225341796875
-0.0355224609375
-0.6397705078125
-1.1495361328125
0.39642333984375
-0.1949462890625
0.24774169921875
0.48583984375
0.02618408203125
-0.53240966796875
-1.21771240234375
-0.27667236328125
0.15716552734375
0.17926025390625
-0.32562255859375
0.028564453125
0.0223388671875
0.7318115234375
-0.3992919921875
-1.2769775390625
-0.7620849609375
-0.3878173828125
0.4373779296875
0.499755859375
0.00762939453125
0.71429443359375
-0.52703857421875
-0.37017822265625
0.2069091796875
-0.28326416015625
-1.0252685546875
-0.808837890625
0.12841796875
0.9766845703125
-0.85980224609375
0.1893310546875
-0.147216796875
0.011962890625
0.06304931640625
-0.19366455078125
0.73663330078125
-0.56268310546875
-0.47552490234375
0.09185791015625
0.48724365234375
0.9150390625
-0.36614990234375
-1.169677734375
0.15301513671875
-0.90399169921875
-0.41143798828125
0.56231689453125
0.05364990234375
-0.5302734375
0.0869140625
0.0008544921875
0.25518798828125
0.15948486328125
-0.8260498046875
0.05133056640625
-0.32269287109375
0.114990234375
-0.3724365234375
-0.05731201171875
-0.16632080078125
-0.50885009765625
0.6143798828125
0.59234619140625
0.13623046875
0.1119384765625
-0.59356689453125
0.14825439453125
-0.30584716796875
-0.03460693359375
-0.90093994140625
0.06573486328125
0.5052490234375
0.20611572265625
0.10247802734375
-0.23291015625
-0.48638916015625
-0.22357177734375
1.0755615234375
0.5849609375
0.1873779296875
-0.392333984375
-0.6993408203125
0.359130859375
-0.349365234375
-0.32073974609375
-0.158935546875
-0.85693359375
-0.10968017578125
0.4613037109375
0.093994140625
0.1025390625
-0.21539306640625
-0.20880126953125
-0.26806640625
0.1463623046875
-1.10955810546875
-0.63385009765625
0.06719970703125
0.354736328125
-0.00030517578125
-0.0970458984375
0.3206787109375
-0.64935302734375
0.11151123046875
-0.2437744140625
0.18548583984375
-0.09613037109375
0.1131591796875
0.5816650390625
0.54852294921875
-0.026123046875
-0.77154541015625
-0.08172607421875
0.2586669921875
0.6661376953125
0.00408935546875
-0.50750732421875
-0.58514404296875
-0.2396240234375
0.3687744140625
-0.03411865234375
-0.63397216796875
-0.3634033203125
-0.00482177734375
-0.16204833984375
-0.48828125
0.10040283203125
-0.5057373046875
-0.266845703125
0.49005126953125
-0.18896484375
0.06341552734375
-0.67913818359375
0.052978515625
-0.2840576171875
0.15301513671875
-0.4267578125
0.210693359375
-0.23553466796875
0.60418701171875
-0.5201416015625
0.1829833984375
0.177978515625
0.7294921875
0.142822265625
0.3270263671875
-0.529541015625
-1.26885986328125
0.09881591796875
-0.19110107421875
-0.604248046875
-0.07794189453125
-0.49847412109375
0.44561767578125
-0.085205078125
-0.167236328125
0.01409912109375
0.03997802734375
-0.3043212890625
0.2247314453125
0.774169921875
0.0189208984375
0.75225830078125
0.07708740234375
0.1923828125
-0.78289794921875
0.2830810546875
0.521240234375
0.36370849609375
-0.41339111328125
-0.22613525390625
-1.74365234375
0.22265625
-0.357666015625
0.71600341796875
0.17236328125
0.0599365234375
-0.56854248046875
-0.7657470703125
-0.65533447265625
-0.47882080078125
1.04058837890625
0.58013916015625
-0.226318359375
-0.12493896484375
0.5853271484375
-0.13494873046875
-0.82366943359375
-0.84735107421875
-0.1024169921875
-0.147216796875
0.27557373046875
-0.73992919921875
0.64501953125
0.2265625
0.19305419921875
0.63232421875
-0.65936279296875
-0.38140869140625
-0.0894775390625
-0.27532958984375
0.05474853515625
0.0423583984375
-0.36920166015625
1.32489013671875
0.71893310546875
-0.115234375
0.4443359375
-1.33551025390625
-0.5816650390625
-1.15704345703125
-1.37109375
0.51373291015625
-0.34417724609375
0.6971435546875
-0.29010009765625
-0.55670166015625
0.58599853515625
0.08868408203125
0.17205810546875
-1.06512451171875
-0.95355224609375
-0.028564453125
0.05059814453125
0.16546630859375
0.100830078125
-0.63677978515625
-0.81182861328125
0.52630615234375
0.00115966796875
0.33502197265625
-0.8328857421875
-0.5645751953125
0.592041015625
-0.400390625
0.3251953125
0.5745849609375
0.019287109375
0.01470947265625
-0.55596923828125
0.167236328125
0.02545166015625
0.3367919921875
0.2142333984375
0.08221435546875
-0.36737060546875
-0.4891357421875
-0.68438720703125
-0.5748291015625
0.81170654296875
-0.45635986328125
0.1214599609375
0.264892578125
-0.36895751953125
-0.4193115234375
-0.079833984375
0.9208984375
-0.55157470703125
0.4110107421875
-0.4041748046875
-0.6981201171875
0.0406494140625
-0.97454833984375
0.1463623046875
0.02099609375
-0.0537109375
0.1102294921875
-0.0059814453125
-0.27099609375
0.031982421875
0.32867431640625
-0.1099853515625
-0.15234375
0.3697509765625
0.0841064453125
-0.24578857421875
-0.69561767578125
0.021484375
-0.5374755859375
-0.2445068359375
0.13983154296875
0.21966552734375
-0.284912109375
0.06634521484375
-0.16558837890625
-0.5682373046875
-1.04498291015625
-0.161865234375
-0.73834228515625
-0.36712646484375
-0.93914794921875
0.19512939453125
-0.06109619140625
-0.66229248046875
0.17291259765625
-0.7852783203125
-0.06365966796875
-0.5999755859375
0.77398681640625
0.1290283203125
-0.5618896484375
-0.82373046875
-0.597900390625
-0.3006591796875
0.31280517578125
0.2095947265625
-0.333740234375
0.41156005859375
0.30096435546875
-0.5218505859375
0.12469482421875
-0.14019775390625
0.080078125
0.1221923828125
0.126220703125
0.11181640625
0.72161865234375
0.47064208984375
-1.06671142578125
-0.63275146484375
0.307373046875
0.430419921875
0.23736572265625
-0.15411376953125
0.34527587890625
-0.5531005859375
-0.51068115234375
0.2718505859375
0.25909423828125
-0.4385986328125
-0.2183837890625
-0.18646240234375
-0.74761962890625
-0.0345458984375
0.092529296875
-0.23065185546875
-1.26129150390625
-0.0584716796875
-0.23016357421875
-1.03387451171875
0.30712890625
0.31732177734375
0.010986328125
0.467041015625
-0.46795654296875
-1.0029296875
-0.38775634765625
-0.17816162109375
-0.27789306640625
-0.29571533203125
0.33636474609375
-0.8336181640625
-1.20562744140625
-1.333740234375
0.3458251953125
0.3997802734375
0.2947998046875
-0.92352294921875
-1.00152587890625
-0.4180908203125
0.10174560546875
-0.74920654296875
-0.49371337890625
-0.16009521484375
0.441162109375
0.691162109375
0.02728271484375
-1.1077880859375
-0.2547607421875
-0.5828857421875
0.2760009765625
0.134521484375
0.40155029296875
-0.61578369140625
0.1241455078125
0.43060302734375
0.01373291015625
-0.14349365234375
-0.759765625
0.0802001953125
-0.14324951171875
-0.03271484375
0.53948974609375
-1.55999755859375
-0.7476806640625
-0.73236083984375
0.50982666015625
0.87408447265625
0.23468017578125
0.02362060546875
-0.24725341796875
-0.76275634765625
-0.47149658203125
0.621337890625
-0.15753173828125
-0.38671875
-0.73431396484375
0.29107666015625
0.8858642578125
0.299560546875
-0.4591064453125
-0.6990966796875
-0.5692138671875
0.23870849609375
-0.067626953125
-0.56951904296875
0.12060546875
0.15283203125
0.276123046875
0.41827392578125
-0.39593505859375
0.5020751953125
0.97503662109375
-0.27288818359375
-0.77166748046875
0.233642578125
-0.23736572265625
-0.49078369140625
0.4078369140625
0.13714599609375
0.2947998046875
-0.025146484375
0.16796875
-0.6798095703125
-0.41510009765625
-0.337646484375
0.54095458984375
-0.0699462890625
0.00189208984375
0.03778076171875
0.456298828125
0.13470458984375
-0.18768310546875
-0.32891845703125
-0.21240234375
0.209228515625
-0.11419677734375
-0.170166015625
-0.059814453125
-0.1611328125
0.5013427734375
0.24658203125
-0.14813232421875
-0.49652099609375
-0.121826171875
0.48663330078125
-0.23797607421875
0.16455078125
-0.15240478515625
-0.09619140625
0.24932861328125
0.468505859375
0.1534423828125
0.3779296875
0.13055419921875
-0.07440185546875
-0.57916259765625
-0.0106201171875
0.59912109375
0.14508056640625
-0.23431396484375
-0.2542724609375
-0.642333984375
-0.28173828125
-0.70159912109375
-0.23907470703125
-0.88275146484375
0.30157470703125
0.09613037109375
-0.732421875
0.2935791015625
0.0472412109375
-0.07269287109375
0.08160400390625
0.05792236328125
-0.00738525390625
0.20947265625
-0.02813720703125
-0.586669921875
0.05126953125
0.2020263671875
-0.05194091796875
-0.4136962890625
0.3199462890625
-0.0279541015625
-0.211669921875
-0.20452880859375
0.180419921875
-0.3255615234375
-0.4725341796875
0.1126708984375
-0.33734130859375
0.2666015625
-0.405029296875
0.3385009765625
-0.2218017578125
-0.339111328125
-0.15472412109375
-0.35491943359375
-0.029296875
0.0863037109375
0.49420166015625
-0.2674560546875
-0.22412109375
-0.21112060546875
-0.8851318359375
0.20172119140625
0.37322998046875
0.25408935546875
-0.02685546875
-0.01824951171875
0.16937255859375
-0.58184814453125
0.16680908203125
-0.27117919921875
0.4417724609375
-0.16204833984375
0.14166259765625
-0.57159423828125
0.11962890625
0.27301025390625
0.31304931640625
0.21435546875
-0.49774169921875
0.40655517578125
-0.6456298828125
-0.15234375
0.95343017578125
0.68212890625
-0.93511962890625
-0.3939208984375
0.7086181640625
1.38641357421875
-0.49005126953125
-1.6212158203125
-0.7640380859375
0.89996337890625
1.26995849609375
-1.08599853515625
-0.35784912109375
0.25982666015625
-0.41180419921875
-1.5535888671875
-0.4954833984375
-0.67333984375
-0.397705078125
0.51947021484375
0.46820068359375
-1.16265869140625
0.62890625
-0.2001953125
0.2376708984375
0.1497802734375
-0.26409912109375
-0.04046630859375
-0.8134765625
-0.3475341796875
-1.39599609375
-0.133056640625
0.53173828125
0.68658447265625
-0.776123046875
-0.37359619140625
-0.198486328125
-1.0941162109375
-0.023193359375
0.42041015625
0.21484375
-0.39923095703125
-0.22650146484375
-1.02728271484375
0.5628662109375
0.03997802734375
-0.22625732421875
0.70037841796875
0.22515869140625
0.44482421875
0.50933837890625
-0.69537353515625
0.56683349609375
0.327392578125
-0.68145751953125
0.4534912109375
0.16412353515625
-0.2127685546875
0.3526611328125
-0.5093994140625
-0.67926025390625
0.09869384765625
-0.30743408203125
0.3846435546875
-0.06927490234375
0.1060791015625
-0.639892578125
-0.35296630859375
-0.17022705078125
-0.2589111328125
-0.10540771484375
-0.125
0.66754150390625
-0.57232666015625
0.01214599609375
-0.2034912109375
-0.7266845703125
0.0693359375
0.58367919921875
-0.44793701171875
-1.0555419921875
0.41583251953125
0.37615966796875
0.21246337890625
-0.406982421875
0.0115966796875
-0.1842041015625
-0.386962890625
-0.25921630859375
-0.719482421875
-0.6331787109375
0.303955078125
-0.446044921875
0.00701904296875
-0.17645263671875
-0.19830322265625
0.6190185546875
0.024169921875
0.157958984375
1.01953125
-0.2257080078125
-0.172607421875
0.15240478515625
-0.54425048828125
-0.08709716796875
-0.03338623046875
0.3297119140625
-0.2215576171875
0.307861328125
0.33990478515625
-0.159423828125
0.0006103515625
0.65966796875
-0.36260986328125
-0.2366943359375
0.02349853515625
0.22100830078125
-0.46099853515625
-0.14544677734375
0.2041015625
-0.095703125
-0.25274658203125
-0.53460693359375
0.73138427734375
0.08160400390625
-0.7379150390625
-0.0670166015625
-0.27752685546875
0.60931396484375
-0.20458984375
-0.06304931640625
0.1458740234375
0.054931640625
0.67950439453125
-0.38427734375
0.12451171875
-0.72869873046875
-0.12335205078125
-0.47607421875
-0.54132080078125
-0.2115478515625
0.2891845703125
-0.36871337890625
-0.2164306640625
0.332275390625
-0.03582763671875
0.20001220703125
-0.43011474609375
-0.690673828125
-0.477783203125
-0.53057861328125
-0.77142333984375
0.11004638671875
0.1424560546875
-0.2711181640625
0.146240234375
-0.41943359375
-1.16607666015625
0.1268310546875
-0.2117919921875
-0.17169189453125
1.06463623046875
0.20361328125
0.223388671875
-0.6435546875
0.52777099609375
-0.17669677734375
0.827392578125
0.69549560546875
0.34857177734375
0.09197998046875
-0.2708740234375
-0.63262939453125
-0.2725830078125
1.08807373046875
0.514404296875
-0.1842041015625
0.0775146484375
0.23089599609375
-0.8499755859375
-0.2557373046875
0.0919189453125
-0.4970703125
0.374755859375
0.1280517578125
0.875244140625
-0.41864013671875
-1.61224365234375
-0.57745361328125
0.79888916015625
-0.3204345703125
-0.7435302734375
0.05743408203125
-0.2691650390625
-0.5333251953125
-0.76123046875
-0.92413330078125
0.3438720703125
0.09002685546875
0.271240234375
0.57574462890625
-0.93438720703125
0.52777099609375
-0.3885498046875
-0.04852294921875
-0.257080078125
0.1873779296875
1.14923095703125
0.6087646484375
-1.67645263671875
-0.7359619140625
0.55706787109375
-0.0245361328125
0.09246826171875
-0.42266845703125
-0.4208984375
0.24981689453125
1.08489990234375
-0.292724609375
0.03363037109375
-0.8853759765625
-0.155517578125
0.02728271484375
-0.35784912109375
0.31878662109375
-0.02838134765625
-0.149658203125
0.2552490234375
-0.24615478515625
-0.5455322265625
-0.15069580078125
-0.1351318359375
-0.10076904296875
-0.3804931640625
-0.533447265625
-0.3697509765625
0.02996826171875
-0.11859130859375
-0.22314453125
0.25921630859375
-0.181640625
-0.43560791015625
0.388916015625
-0.76922607421875
0.45556640625
-0.2010498046875
-0.35821533203125
-0.2183837890625
-0.2950439453125
0.435791015625
-0.14447021484375
-0.47564697265625
-0.40814208984375
-0.870849609375
0.0076904296875
0.32598876953125
0.4305419921875
-0.27569580078125
-0.35491943359375
-0.62921142578125
-0.36956787109375
-0.7071533203125
0.31201171875
-0.54656982421875
-0.28631591796875
-0.69891357421875
-0.65765380859375
-0.00335693359375
-0.46881103515625
-0.40472412109375
0.11090087890625
0.31536865234375
0.1629638671875
-0.30078125
-0.34539794921875
-0.2625732421875
-0.14654541015625
0.29022216796875
-0.57421875
-0.05029296875
0.20404052734375
-0.328125
-0.22491455078125
0.466064453125
0.3406982421875
-0.23406982421875
0.45196533203125
0.17901611328125
-0.21527099609375
-0.3619384765625
-0.0557861328125
0.37286376953125
-0.12908935546875
-0.2862548828125
-0.29461669921875
0.31640625
0.221435546875
0.1566162109375
0.671630859375
-0.54644775390625
-0.76171875
-0.44146728515625
0.06500244140625
-0.07403564453125
-0.42681884765625
-0.3382568359375
-0.59906005859375
-0.51312255859375
-0.12176513671875
0.3267822265625
-0.2203369140625
-0.504150390625
0.0850830078125
-0.06488037109375
0.37860107421875
-0.0728759765625
-0.21282958984375
-0.250732421875
-0.07843017578125
-0.47186279296875
-0.4249267578125
-0.00396728515625
0.26239013671875
0.49127197265625
-0.1943359375
0.15802001953125
0.19757080078125
-0.3790283203125
0.67449951171875
-0.310546875
-0.19476318359375
0.065185546875
-0.10577392578125
0.47869873046875
-0.00555419921875
0.01654052734375
0.10284423828125
-0.139892578125
-1.96026611328125
-0.2333984375
-0.3077392578125
0.4234619140625
0.1407470703125
-0.1572265625
-1.34356689453125
-1.1298828125
0.0120849609375
0.50140380859375
1.1568603515625
0.0625
-0.51495361328125
-0.53631591796875
-0.0902099609375
-0.077392578125
-0.34222412109375
0.03936767578125
-0.6285400390625
0.2178955078125
0.56573486328125
-0.07330322265625
0.55316162109375
-0.08831787109375
-0.41522216796875
0.39276123046875
-0.6805419921875
-0.6004638671875
0.19403076171875
-0.17822265625
-0.6966552734375
0.1162109375
-0.28961181640625
-1.0196533203125
0.38934326171875
-0.00067138671875
-0.446044921875
-0.4842529296875
-0.9503173828125
-0.71746826171875
0.25872802734375
-0.97918701171875
0.1162109375
0.8134765625
-0.49224853515625
-0.89630126953125
-0.17938232421875
-0.28387451171875
-0.25079345703125
0.16009521484375
-1.073486328125
-0.1690673828125
0.072265625
0.47161865234375
0.45892333984375
-0.6015625
-0.0648193359375
-0.5557861328125
-0.1575927734375
-0.16204833984375
-0.32867431640625
0.10943603515625
0.6348876953125
0.98260498046875
-0.0233154296875
-0.40142822265625
-0.2520751953125
-0.15826416015625
-0.194580078125
-0.05322265625
0.628173828125
-0.2410888671875
0.593017578125
-0.41668701171875
-0.28662109375
-0.69879150390625
-0.671630859375
0.30474853515625
0.20611572265625
-0.34100341796875
0.3486328125
0.21026611328125
-0.32501220703125
-0.23211669921875
0.883544921875
-0.19146728515625
0.19970703125
0.2186279296875
0.19366455078125
0.114990234375
-0.5384521484375
0.83587646484375
-0.1483154296875
0.10528564453125
-0.749755859375
-0.03753662109375
-0.56658935546875
-0.05133056640625
0.28692626953125
-0.484130859375
-0.12713623046875
0.7733154296875
0.1998291015625
-0.193115234375
-0.2564697265625
0.05938720703125
0.427490234375
0.37939453125
0.32769775390625
0.36212158203125
-0.2691650390625
0.4583740234375
0.2752685546875
0.2532958984375
0.2899169921875
0.29400634765625
0.20556640625
-0.20538330078125
-0.31036376953125
-0.14404296875
-0.248046875
0.3116455078125
-0.0989990234375
-0.0833740234375
-0.33209228515625
0.2720947265625
-0.31219482421875
0.03826904296875
-0.0352783203125
-0.76251220703125
0.23919677734375
0.2325439453125
-0.04718017578125
-0.4888916015625
-0.76898193359375
-0.0478515625
0.0260009765625
-0.618408203125
-0.082763671875
0.67724609375
0.006103515625
-0.55755615234375
-0.6160888671875
-0.32220458984375
-0.193603515625
0.402587890625
-0.03094482421875
0.5357666015625
0.3038330078125
-1.3084716796875
-0.64276123046875
-0.15118408203125
-0.42181396484375
-0.61480712890625
-0.0035400390625
0.131591796875
-0.3294677734375
-0.5238037109375
-0.240478515625
0.47918701171875
-0.19317626953125
-0.06341552734375
-0.8385009765625
0.391357421875
-0.6544189453125
0.1878662109375
0.20758056640625
-0.1634521484375
-0.63848876953125
-0.311279296875
-0.0068359375
-0.19873046875
0.182861328125
-1.29205322265625
-0.6370849609375
-0.05120849609375
-0.07342529296875
0.3289794921875
0.3768310546875
0.685791015625
-0.71673583984375
-0.92901611328125
-0.0601806640625
0.40045166015625
0.88226318359375
-0.796142578125
0.3037109375
-0.43499755859375
1.0133056640625
-0.9556884765625
-1.089599609375
-0.99713134765625
-0.0491943359375
1.69384765625
-0.608154296875
0.205078125
0.46221923828125
-1.32623291015625
-0.07037353515625
0.133056640625
-0.5426025390625
-0.879638671875
0.8193359375
-0.350341796875
0.5120849609375
0.0242919921875
-0.85888671875
-0.44970703125
-0.11773681640625
0.2080078125
-0.26171875
-0.88629150390625
0.69525146484375
-0.4146728515625
-1.22412109375
0.12420654296875
0.18414306640625
-0.38232421875
-0.84716796875
-0.2896728515625
-0.171630859375
-0.5799560546875
-0.2408447265625
0.0145263671875
-0.41143798828125
-0.53778076171875
0.04833984375
1.2999267578125
-0.1822509765625
-0.41741943359375
-1.02978515625
-0.7442626953125
-0.09881591796875
-0.871337890625
-0.1484375
-0.59478759765625
0.00775146484375
-0.02606201171875
0.0164794921875
-0.4288330078125
0.1075439453125
-0.2237548828125
-0.28857421875
-0.193359375
-0.17822265625
-0.6541748046875
0.58245849609375
-0.26812744140625
-0.23114013671875
-0.03399658203125
-0.8116455078125
-0.47100830078125
0.333251953125
-0.39617919921875
0.78350830078125
0.04541015625
-0.45184326171875
-1.13922119140625
-0.07550048828125
0.1796875
-0.65777587890625
-0.92572021484375
-0.769287109375
0.744384765625
0.5902099609375
-0.4732666015625
-0.1414794921875
0.211181640625
-0.349365234375
-0.3514404296875
-0.6435546875
0.05865478515625
0.11956787109375
-0.26995849609375
0.33087158203125
0.2396240234375
0.49969482421875
-0.91168212890625
0.3814697265625
-0.22918701171875
-0.11553955078125
-0.49005126953125
-0.509765625
-0.3250732421875
0.27294921875
0.21209716796875
0.25848388671875
0.103759765625
-0.5740966796875
-1.0482177734375
-0.27716064453125
-0.26495361328125
-0.3853759765625
0.0047607421875
0.13360595703125
0.25555419921875
-0.16912841796875
0.45458984375
-0.50714111328125
-0.72125244140625
-0.23248291015625
-0.75347900390625
0.63006591796875
0.0955810546875
-0.14007568359375
0.06829833984375
-0.01544189453125
-0.4884033203125
-0.17431640625
0.000732421875
-1.001220703125
-0.29205322265625
0.36285400390625
0.308349609375
0.50665283203125
0.19622802734375
0.0374755859375
0.3187255859375
-0.4302978515625
0.24542236328125
0.06683349609375
0.01873779296875
0.83984375
-0.890625
-0.13946533203125
0.16717529296875
-0.11761474609375
-0.259033203125
0.61993408203125
-0.29974365234375
-0.20233154296875
-0.10296630859375
-0.24212646484375
0.0906982421875
0.40374755859375
-0.71185302734375
-0.273193359375
0.164794921875
0.0205078125
-0.17138671875
-0.38446044921875
-0.4241943359375
0.25616455078125
-0.27667236328125
-0.157958984375
-0.5504150390625
-1.04779052734375
-0.4625244140625
0.7772216796875
-0.0416259765625
-0.01470947265625
0.5343017578125
0.11865234375
-0.99334716796875
-0.861572265625
0.18316650390625
1.1219482421875
-0.56121826171875
-0.572265625
-0.114501953125
0.8187255859375
-0.7720947265625
-0.495361328125
-0.12945556640625
-0.94232177734375
0.27099609375
0.53729248046875
0.50946044921875
0.4617919921875
-1.38397216796875
-0.5087890625
0.8634033203125
-0.441650390625
-0.04150390625
-0.25579833984375
-0.62432861328125
1.223876953125
0.35809326171875
-1.361572265625
0.71978759765625
0.70550537109375
0.0888671875
0.39129638671875
-1.50323486328125
-0.21929931640625
0.01556396484375
-0.49224853515625
0.3763427734375
-0.04736328125
0.8194580078125
0.62652587890625
-0.36175537109375
-0.774169921875
-0.6448974609375
0.8138427734375
-0.03643798828125
0.181884765625
-0.54901123046875
-0.3642578125
0.5762939453125
0.0145263671875
0.04888916015625
-0.102294921875
-0.2432861328125
0.13629150390625
-0.39569091796875
-0.1864013671875
-1.4296875
0.62109375
-0.15484619140625
0.510498046875
0.21026611328125
-0.5904541015625
0.06536865234375
-0.2530517578125
-0.37664794921875
0.2159423828125
0.2884521484375
0.3304443359375
0.23370361328125
-0.78369140625
0.49224853515625
-0.0145263671875
0.24249267578125
0.35540771484375
0.02130126953125
-0.23822021484375
-0.31561279296875
-0.25830078125
0.22747802734375
0.25872802734375
0.15533447265625
-0.17303466796875
-0.2822265625
-0.14739990234375
-0.4100341796875
-0.86236572265625
0.42291259765625
-0.70654296875
-0.22021484375
-0.34893798828125
-0.5274658203125
0.0606689453125
0.25885009765625
-0.3648681640625
-0.25286865234375
-0.487060546875
0.4508056640625
0.31329345703125
0.2288818359375
-0.08935546875
-0.09619140625
-0.831787109375
0.38671875
-0.75860595703125
-0.77239990234375
-0.0318603515625
0.52655029296875
0.554443359375
-0.68389892578125
-0.40380859375
0.42156982421875
-0.20697021484375
-0.51202392578125
-0.05438232421875
-0.627685546875
0.00909423828125
0.21063232421875
-0.453125
-0.44366455078125
-0.56658935546875
0.1787109375
-0.22235107421875
-0.25079345703125
0.33465576171875
-0.40374755859375
-0.80914306640625
-0.46820068359375
-0.1695556640625
-0.68292236328125
-0.53582763671875
-0.7242431640625
0.07928466796875
-0.145263671875
-0.5838623046875
0.12353515625
-0.295166015625
-0.09259033203125
-0.13140869140625
0.43212890625
-0.01947021484375
0.0450439453125
-0.6434326171875
-0.20257568359375
-0.44952392578125
-0.23248291015625
-0.33367919921875
-0.06109619140625
-0.27752685546875
-0.3929443359375
-0.7144775390625
-0.705078125
0.04022216796875
-0.76287841796875
-0.7486572265625
-0.3592529296875
0.24151611328125
0.083984375
0.25848388671875
0.2442626953125
0.63262939453125
0.36279296875
-0.27337646484375
-0.14202880859375
-0.740966796875
0.0260009765625
-0.254150390625
0.17584228515625
-0.06378173828125
-0.355224609375
-0.51226806640625
-0.23095703125
-0.31329345703125
0.02655029296875
0.3822021484375
-0.058349609375
-0.5423583984375
-0.71868896484375
0.4034423828125
1.18157958984375
0.2418212890625
-0.29742431640625
-0.20953369140625
-0.37078857421875
-0.19158935546875
0.296630859375
-0.4139404296875
-0.7744140625
0.11993408203125
-0.566162109375
-0.29949951171875
0.4658203125
-1.4959716796875
0.2000732421875
0.412841796875
-1.7489013671875
0.74658203125
0.86541748046875
-1.0975341796875
0.33160400390625
0.40179443359375
-0.95062255859375
0.9013671875
-0.0703125
0.07196044921875
0.5050048828125
-0.4029541015625
0.20758056640625
-0.477783203125
-1.2720947265625
0.0897216796875
0.47265625
-0.3270263671875
0.28582763671875
-0.6348876953125
-0.86279296875
0.4669189453125
0.0447998046875
-0.08935546875
-0.07611083984375
-0.903564453125
-0.52593994140625
0.84674072265625
0.24835205078125
0.00360107421875
-0.47430419921875
-0.59869384765625
0.2486572265625
0.45306396484375
-0.557373046875
-0.493408203125
0.17669677734375
0.7283935546875
0.3607177734375
-0.41717529296875
-0.199462890625
-0.255615234375
0.13519287109375
0.3411865234375
0.091064453125
0.17156982421875
0.25311279296875
0.05419921875
0.4794921875
-0.0078125
0.17529296875
0.00653076171875
0.1646728515625
-1.1142578125
-0.2294921875
0.21966552734375
0.08856201171875
0.3876953125
-0.8714599609375
0.05230712890625
0.4007568359375
-0.57513427734375
-0.64190673828125
-0.43621826171875
-0.212158203125
0.7491455078125
0.4935302734375
0.4456787109375
-0.71441650390625
-0.19757080078125
-0.19586181640625
-0.31451416015625
-0.12646484375
0.263916015625
-0.2418212890625
-0.1080322265625
-0.13055419921875
0.55889892578125
-0.17864990234375
0.0830078125
0.3724365234375
-0.7379150390625
-0.585205078125
0.127685546875
-0.6173095703125
0.3984375
0.05535888671875
-0.1829833984375
-0.189453125
-0.23272705078125
0.11663818359375
-0.12396240234375
0.3116455078125
-0.58209228515625
-0.1339111328125
-0.02587890625
-0.16632080078125
0.14141845703125
0.30718994140625
0.5743408203125
-0.05999755859375
-0.90496826171875
0.08880615234375
0.889892578125
0.22943115234375
-0.20562744140625
0.51629638671875
0.0419921875
-0.172119140625
0.2442626953125
0.41741943359375
-0.226806640625
-0.1578369140625
0.27093505859375
-0.0843505859375
-0.50006103515625
-0.51007080078125
-0.444580078125
0.079833984375
0.24224853515625
-0.22625732421875
-0.2723388671875
-0.2528076171875
0.32342529296875
0.09552001953125
-0.733642578125
0.45306396484375
0.0987548828125
-0.28460693359375
0.32879638671875
-0.47821044921875
-0.531494140625
-0.0677490234375
-0.06683349609375
-0.169677734375
-0.55133056640625
-0.67767333984375
0.0152587890625
-0.60137939453125
-0.857666015625
-0.53924560546875
-0.671875
-0.1826171875
-0.0484619140625
-0.24713134765625
0.44903564453125
0.23736572265625
-0.451904296875
-0.2069091796875
-0.71142578125
-0.740478515625
0.38519287109375
-0.29962158203125
-0.63739013671875
-0.22607421875
-0.79852294921875
-1.07281494140625
0.2242431640625
0.40570068359375
0.40447998046875
0.0272216796875
-0.3001708984375
0.38525390625
0.26434326171875
-0.2352294921875
-1.10516357421875
-0.29400634765625
-0.22705078125
-0.34466552734375
0.7576904296875
0.360595703125
-0.587890625
0.04150390625
-0.41009521484375
-0.46826171875
0.11968994140625
-0.12322998046875
-1.50054931640625
1.2176513671875
0.1448974609375
-0.2286376953125
-0.46221923828125
-0.97308349609375
0.66192626953125
0.57330322265625
-0.76312255859375
0.0111083984375
-0.24957275390625
-1.55535888671875
0.38873291015625
1.68145751953125
0.883056640625
-0.42401123046875
-1.05224609375
-0.99298095703125
1.0035400390625
0.5406494140625
-0.33624267578125
-0.5159912109375
-0.32733154296875
1.13385009765625
0.14031982421875
0.18585205078125
0.0445556640625
-0.500732421875
-0.6505126953125
0.04425048828125
0.74884033203125
-0.68646240234375
-0.0980224609375
0.2855224609375
0.18316650390625
0.37451171875
-0.61688232421875
0.31903076171875
-0.26629638671875
0.767578125
0.4573974609375
-0.6812744140625
-0.193115234375
0.54852294921875
-0.26055908203125
0.3084716796875
0.63275146484375
-0.15191650390625
0.2593994140625
-0.14373779296875
-0.289306640625
-0.26171875
-0.622314453125
0.1590576171875
-0.31219482421875
-0.43914794921875
-0.23748779296875
-0.3472900390625
-0.5906982421875
0.0745849609375
-1.21923828125
0.2354736328125
0.5478515625
-0.107421875
-0.07806396484375
-0.3699951171875
0.3387451171875
-0.3480224609375
-0.15435791015625
-0.398681640625
-0.74298095703125
0.1890869140625
-0.2296142578125
0.3204345703125
-0.05792236328125
0.25
-0.80755615234375
0.49432373046875
0.03436279296875
-1.1494140625
-0.441650390625
0.25006103515625
0.11944580078125
0.35198974609375
0.1083984375
-0.62408447265625
-0.67205810546875
-0.9095458984375
0.61651611328125
-0.70330810546875
-0.53729248046875
0.5303955078125
-0.5740966796875
0.08758544921875
0.15643310546875
-0.01873779296875
-0.1690673828125
-0.38848876953125
-0.65020751953125
-0.91656494140625
0.15155029296875
-0.06103515625
0.57989501953125
-0.48480224609375
-0.4208984375
0.80645751953125
-0.06207275390625
0.3544921875
0.218994140625
0.1612548828125
-0.7855224609375
-0.20416259765625
-0.8978271484375
0.0438232421875
-0.111083984375
0.56951904296875
-0.31298828125
-0.55523681640625
-0.3167724609375
-0.4049072265625
-0.50433349609375
0.0003662109375
0.21435546875
-0.59765625
0.15216064453125
-0.680419921875
0.46533203125
0.0108642578125
-1.15185546875
-0.1046142578125
0.76275634765625
-0.23590087890625
0.05078125
-0.02032470703125
-0.253173828125
-0.070068359375
0.3328857421875
-0.0008544921875
0.0654296875
-1.1029052734375
-0.01385498046875
-0.06939697265625
0.236083984375
-0.4617919921875
-0.49212646484375
-0.49017333984375
-0.12628173828125
0.23828125
0.2769775390625
0.13226318359375
0.2115478515625
-0.2042236328125
-1.09912109375
-0.31976318359375
0.98876953125
0.65191650390625
0.13641357421875
-0.4903564453125
-0.18035888671875
0.658203125
0.01177978515625
-0.968994140625
-0.57183837890625
-1.22698974609375
-0.04571533203125
0.57147216796875
-0.08599853515625
0.14044189453125
-0.7227783203125
0.43267822265625
0.56024169921875
-0.89898681640625
-0.7535400390625
0.34149169921875
0.77862548828125
0.062744140625
-1.45806884765625
0.22052001953125
0.505126953125
-0.64068603515625
0.44854736328125
-0.09173583984375
-0.679443359375
-0.06097412109375
-0.31951904296875
-0.19781494140625
0.0162353515625
0.83465576171875
-0.0343017578125
0.21697998046875
-1.16864013671875
0.20806884765625
-0.09710693359375
-0.0166015625
-0.1505126953125
-0.77618408203125
-0.1099853515625
0.43212890625
0.60235595703125
-0.417724609375
-0.92242431640625
0.06182861328125
-0.61627197265625
-0.20367431640625
-0.0706787109375
-0.66851806640625
0.94268798828125
-0.36334228515625
-0.1300048828125
-0.13067626953125
0.35333251953125
-0.42645263671875
-0.26092529296875
-0.11212158203125
-0.00933837890625
1.037109375
0.28558349609375
0.4688720703125
0.2322998046875
0.02685546875
-0.2364501953125
0.0177001953125
0.66998291015625
-1.2254638671875
-0.11236572265625
-0.1199951171875
0.1077880859375
-0.5487060546875
-0.3193359375
-0.03167724609375
-0.686767578125
0.20703125
0.09796142578125
-0.38287353515625
-0.24896240234375
0.09613037109375
-0.0460205078125
0.68536376953125
-0.56842041015625
0.11798095703125
-0.28753662109375
-0.54339599609375
0.5047607421875
-0.19482421875
0.41796875
0.352294921875
0.468994140625
-0.2528076171875
-0.27935791015625
-0.48016357421875
0.0115966796875
0.2259521484375
0.78033447265625
0.603515625
-0.31634521484375
-0.34564208984375
0.02532958984375
-0.2747802734375
0.59796142578125
-0.27099609375
-0.74676513671875
-0.19586181640625
-0.87237548828125
-0.1212158203125
0.3548583984375
-0.42584228515625
-0.11602783203125
0.4229736328125
0.091796875
-0.2574462890625
-0.087890625
-0.19061279296875
-0.27734375
0.0126953125
0.17413330078125
0.544189453125
-0.21063232421875
0.422119140625
0.337158203125
0.03118896484375
-1.11468505859375
0.921875
-0.73956298828125
-0.61016845703125
-0.2427978515625
0.0594482421875
0.44970703125
-0.33538818359375
-0.32586669921875
-0.550048828125
-0.16595458984375
-0.4168701171875
-0.4747314453125
-0.46807861328125
-0.550537109375
-0.4835205078125
-0.544189453125
0.6759033203125
0.236572265625
0.04278564453125
-0.23773193359375
-0.25115966796875
-0.31036376953125
-0.47650146484375
-0.4503173828125
0.4326171875
-0.163330078125
0.5426025390625
0.0777587890625
0.09954833984375
-0.26422119140625
-0.40594482421875
-0.96466064453125
-0.47967529296875
0.35711669921875
0.23553466796875
-0.13818359375
-0.32135009765625
0.72076416015625
-0.427734375
0.41131591796875
0.249267578125
0.01953125
-0.173095703125
-1.090087890625
-0.70867919921875
0.12054443359375
0.50067138671875
0.28582763671875
-0.32513427734375
0.2379150390625
-0.16650390625
0.174560546875
-0.2916259765625
-0.9093017578125
-1.0311279296875
0.21099853515625
0.240478515625
0.0809326171875
0.74554443359375
-0.078857421875
-1.19561767578125
0.64459228515625
-0.59405517578125
-0.9544677734375
-0.37359619140625
0.48138427734375
0.1490478515625
-0.06048583984375
-0.38885498046875
-0.0302734375
0.482666015625
-0.54852294921875
0.1796875
-0.319580078125
-0.412109375
0.4053955078125
-0.84405517578125
-0.79888916015625
0.51727294921875
-0.06182861328125
0.6546630859375
-0.30633544921875
-0.56982421875
0.45257568359375
-0.243896484375
-0.67779541015625
-0.196533203125
-1.33856201171875
0.04669189453125
0.8238525390625
-0.40679931640625
-0.3209228515625
-1.02862548828125
-0.5106201171875
1.01751708984375
-0.64715576171875
-0.93731689453125
-0.82763671875
-0.1416015625
0.8895263671875
0.7598876953125
0.36224365234375
-0.70867919921875
0.45928955078125
0.3896484375
-0.5673828125
0.1876220703125
-0.29351806640625
0.10089111328125
0.545166015625
0.270263671875
-0.572265625
-0.0511474609375
-0.47808837890625
0.49664306640625
-0.10638427734375
-0.20648193359375
0.20855712890625
-0.2801513671875
-0.01849365234375
0.32684326171875
-0.27886962890625
0.11468505859375
0.38983154296875
-0.45196533203125
0.286376953125
0.4561767578125
-0.326416015625
-0.69659423828125
-0.199462890625
0.08197021484375
0.2130126953125
-0.26177978515625
-0.42755126953125
0.219970703125
0.42498779296875
-0.171142578125
-0.3734130859375
0.57122802734375
-0.063232421875
-0.09393310546875
-0.028076171875
-0.2508544921875
0.1514892578125
0.47760009765625
0.2479248046875
0.39825439453125
0.42242431640625
0.1573486328125
-0.07623291015625
0.46826171875
-0.00042724609375
0.39520263671875
-0.44268798828125
0.00665283203125
-0.3885498046875
-0.33441162109375
-0.447265625
0.7406005859375
0.8551025390625
-0.47900390625
-0.3515625
-0.956298828125
0.639892578125
-0.765380859375
-0.00689697265625
0.13323974609375
-0.6910400390625
0.1455078125
-0.57977294921875
-0.1143798828125
-0.2763671875
-0.31396484375
-0.37872314453125
-0.0458984375
-0.347412109375
0.12982177734375
-0.12353515625
0.05828857421875
-0.13677978515625
-0.02508544921875
0.06988525390625
-0.07928466796875
-0.323974609375
0.56829833984375
-0.35418701171875
-0.338623046875
-0.22979736328125
0.2403564453125
0.46685791015625
0.58050537109375
-0.605224609375
-0.45465087890625
-0.72515869140625
0.04559326171875
-0.0804443359375
0.124755859375
-0.543701171875
0.06988525390625
-0.2066650390625
-0.314453125
0.3232421875
-0.18658447265625
-0.6253662109375
-0.301513671875
-0.3585205078125
0.3404541015625
-0.12445068359375
-0.4539794921875
0.1063232421875
-0.3865966796875
-1.09588623046875
-0.02301025390625
-0.1273193359375
0.238037109375
-0.5242919921875
0.1014404296875
-0.3416748046875
-0.9149169921875
-0.433349609375
0.56243896484375
0.1617431640625
0.22674560546875
-0.12664794921875
-0.31365966796875
0.99951171875
-0.2744140625
-1.1300048828125
-0.69622802734375
-0.734619140625
0.8253173828125
1.07879638671875
-0.2679443359375
1.09136962890625
-0.6656494140625
-0.59674072265625
0.25018310546875
0.700439453125
0.05499267578125
-0.89599609375
-0.031982421875
-0.53875732421875
-0.52166748046875
0.48211669921875
-0.015625
0.46185302734375
-0.484375
-0.00262451171875
-0.2401123046875
-1.30694580078125
-0.67254638671875
-0.36138916015625
0.35626220703125
0.319091796875
1.31927490234375
0.16619873046875
0.1727294921875
-0.040771484375
0.34881591796875
0.43829345703125
-0.52667236328125
0.44696044921875
-0.6044921875
-0.5029296875
0.84722900390625
-0.3756103515625
-0.71514892578125
0.16314697265625
-0.2955322265625
-0.1319580078125
-0.0067138671875
0.116455078125
-0.3807373046875
0.3873291015625
0.86614990234375
-0.322265625
-0.3297119140625
-0.04345703125
-0.17156982421875
0.01171875
-0.07952880859375
-0.30963134765625
-0.26629638671875
-0.43585205078125
0.4661865234375
0.9322509765625
-0.05059814453125
0.00244140625
-0.63555908203125
-0.1588134765625
0.11663818359375
0.41973876953125
0.2171630859375
-0.12744140625
0.50506591796875
0.21240234375
-0.03387451171875
-0.141357421875
-1.14141845703125
-0.7965087890625
-0.19189453125
0.31158447265625
-0.88458251953125
-0.61676025390625
0.15313720703125
-0.45294189453125
-0.55682373046875
0.3721923828125
0.3309326171875
0.33966064453125
0.30169677734375
0.357666015625
0.07574462890625
-0.0015869140625
-0.05487060546875
0.05023193359375
-0.64825439453125
-0.65625
0.33245849609375
0.5582275390625
-0.400146484375
-1.19354248046875
-0.07904052734375
0.265380859375
-0.110107421875
-0.0504150390625
-0.19866943359375
0.2431640625
-0.28619384765625
-0.7760009765625
-0.278564453125
-0.28350830078125
-0.33343505859375
0.245849609375
-0.2001953125
-0.23297119140625
-0.2662353515625
-0.9947509765625
-0.43316650390625
0.41436767578125
0.49395751953125
0.119384765625
-0.018310546875
-0.16644287109375
-0.04437255859375
-0.11395263671875
0.0194091796875
-0.4822998046875
-0.90496826171875
0.002685546875
0.31048583984375
0.11737060546875
0.1170654296875
-0.59454345703125
-0.537109375
-0.155029296875
0.4130859375
-0.1917724609375
-0.656982421875
-0.29730224609375
-0.26812744140625
0.60455322265625
-0.17523193359375
-0.0347900390625
0.32220458984375
0.39105224609375
-0.17169189453125
0.39764404296875
-0.55987548828125
-0.35491943359375
0.4561767578125
0.226318359375
-0.0462646484375
-0.06768798828125
0.26568603515625
0.29888916015625
0.260986328125
-1.02850341796875
-0.4024658203125
0.3033447265625
0.28692626953125
0.33673095703125
-0.13177490234375
0.0994873046875
-1.25946044921875
0.3477783203125
-0.32928466796875
-0.2799072265625
0.119140625
0.0321044921875
-0.29669189453125
-0.71722412109375
-0.31329345703125
-0.37371826171875
0.33367919921875
0.1341552734375
-0.44378662109375
0.41314697265625
0.45867919921875
-0.1578369140625
-0.73760986328125
-0.88922119140625
-0.2423095703125
-0.2861328125
0.31524658203125
-0.3135986328125
0.84906005859375
-0.49969482421875
-0.350830078125
0.8492431640625
-0.55352783203125
-0.42529296875
0.3426513671875
0.30572509765625
-0.2301025390625
-1.1519775390625
-0.1956787109375
0.21539306640625
0.2244873046875
-0.124755859375
-0.227294921875
-0.83953857421875
-0.1871337890625
-0.36370849609375
0.0208740234375
0.4476318359375
2.13812255859375
-0.13348388671875
0.01177978515625
-0.31243896484375
-0.1513671875
-0.24090576171875
-0.05181884765625
0.4136962890625
0.01580810546875
-0.394775390625
0.1171875
1.3348388671875
0.07208251953125
-0.67266845703125
-0.29937744140625
-0.77923583984375
0.658935546875
0.70208740234375
-0.75384521484375
-0.1881103515625
0.32342529296875
0.3985595703125
-0.72503662109375
-0.313720703125
0.76806640625
-0.177001953125
-0.26904296875
-0.63519287109375
0.39312744140625
-0.2982177734375
-0.4483642578125
0.85137939453125
-0.208984375
-0.16900634765625
0.01141357421875
0.01434326171875
-0.00604248046875
-0.70489501953125
-0.09698486328125
0.2625732421875
-0.37567138671875
-0.5257568359375
1.2779541015625
-0.18994140625
0.4521484375
0.44403076171875
-0.22601318359375
-0.4453125
0.2442626953125
-0.04620361328125
-0.054931640625
-0.5081787109375
-0.3358154296875
0.04058837890625
0.3076171875
-0.23175048828125
-0.4114990234375
-0.20086669921875
-0.2733154296875
0.07476806640625
-0.199951171875
0.30010986328125
-0.414794921875
-0.27288818359375
-0.17962646484375
0.6259765625
0.10687255859375
0.18109130859375
0.468505859375
0.398193359375
-0.29229736328125
-0.0738525390625
0.1556396484375
-0.9267578125
-0.0213623046875
-0.20574951171875
0.2132568359375
-0.0152587890625
-0.39599609375
0.436279296875
-0.4842529296875
0.16973876953125
0.13214111328125
-0.4080810546875
-0.0224609375
0.21502685546875
-0.5028076171875
-0.0484619140625
0.54827880859375
0.26666259765625
-0.11688232421875
-0.681640625
-0.21148681640625
-0.32537841796875
0.0909423828125
-1.0745849609375
0.64593505859375
-0.248291015625
-0.4366455078125
0.25274658203125
-0.2564697265625
-0.43115234375
-0.35491943359375
-0.24676513671875
-0.305419921875
-0.0015869140625
-0.14697265625
-0.021728515625
-0.88275146484375
0.27020263671875
-0.06573486328125
0.27008056640625
-0.01239013671875
0.43426513671875
0.25494384765625
0.181640625
0.0941162109375
-0.4761962890625
-0.40618896484375
0.31829833984375
0.16046142578125
-0.2210693359375
-0.62396240234375
-0.51934814453125
-0.75439453125
-0.19219970703125
0.2283935546875
-0.18206787109375
0.21551513671875
-0.44671630859375
0.32666015625
-0.74041748046875
-0.31915283203125
-0.967041015625
0.05731201171875
0.610107421875
-0.48590087890625
-0.26458740234375
-0.98126220703125
-0.88555908203125
0.5947265625
0.68402099609375
0.23944091796875
0.114990234375
-0.39678955078125
0.63787841796875
0.615478515625
-1.26556396484375
-0.2418212890625
0.1866455078125
0.36016845703125
-0.1778564453125
-0.4825439453125
-0.24700927734375
-0.149658203125
0.945556640625
1.54339599609375
-0.73577880859375
-0.120361328125
-0.39556884765625
0.32843017578125
0.63714599609375
-0.798095703125
0.09539794921875
0.88006591796875
0.521484375
-0.1280517578125
-0.91363525390625
-1.215576171875
-0.5797119140625
-0.52166748046875
-0.02154541015625
0.514892578125
-0.680908203125
0.31475830078125
-0.5382080078125
-0.8648681640625
0.0537109375
-1.18585205078125
0.1959228515625
-0.22021484375
-0.90386962890625
0.93548583984375
-0.16729736328125
-0.14556884765625
0.98046875
-0.60992431640625
-0.332275390625
-0.29779052734375
-0.14080810546875
-0.61627197265625
-0.19635009765625
-0.46368408203125
0.13214111328125
-0.2828369140625
0.11346435546875
-0.12841796875
0.03961181640625
-0.08062744140625
0.03955078125
-0.38970947265625
0.2127685546875
-0.2005615234375
0.30780029296875
0.90313720703125
-0.38885498046875
0.4696044921875
-0.05572509765625
0.06719970703125
-0.38104248046875
0.60833740234375
-0.486328125
-0.15869140625
-0.18524169921875
-0.46917724609375
0.27490234375
0.330322265625
0.0548095703125
-0.012939453125
-0.10198974609375
-0.26507568359375
0.6553955078125
0.845947265625
-0.06805419921875
-0.913818359375
-0.6490478515625
-0.357666015625
0.6845703125
-0.11846923828125
0.42529296875
-0.19061279296875
-0.405029296875
0.6446533203125
-0.2481689453125
-0.00689697265625
-0.6201171875
-0.472900390625
-0.0977783203125
-0.20947265625
-0.48968505859375
-0.0911865234375
-0.188720703125
0.64337158203125
-0.9017333984375
-0.36962890625
-0.510986328125
0.2042236328125
-0.4451904296875
0.363037109375
-0.2166748046875
-0.14276123046875
-0.14007568359375
0.5654296875
-0.10546875
-0.350341796875
-0.0863037109375
-0.10308837890625
-0.58154296875
-0.09259033203125
0.2584228515625
0.52392578125
0.467529296875
-0.1759033203125
-0.6046142578125
0.69537353515625
0.58807373046875
0.1982421875
-0.32574462890625
-0.44964599609375
0.13201904296875
0.20831298828125
0.643798828125
-0.001708984375
-0.47607421875
0.203369140625
-0.16717529296875
-0.43463134765625
0.0333251953125
0.42437744140625
0.3447265625
-0.25396728515625
0.68212890625
-0.2220458984375
0.0362548828125
0.1676025390625
-0.045166015625
0.36590576171875
-0.2081298828125
0.010986328125
-0.3331298828125
-0.88665771484375
-0.55023193359375
0.1317138671875
-0.111083984375
-0.05511474609375
-0.15887451171875
-0.214111328125
-0.13494873046875
-0.46832275390625
-0.51336669921875
-0.3626708984375
-0.141845703125
0.208740234375
-0.2496337890625
-0.63214111328125
-0.01251220703125
-0.02740478515625
-0.14935302734375
-0.014892578125
0.67889404296875
-1.34307861328125
-0.70782470703125
-0.7421875
-0.209716796875
1.24749755859375
0.4444580078125
0.54119873046875
0.332275390625
-0.0867919921875
-0.1727294921875
-0.38897705078125
-0.996826171875
-0.2344970703125
0.7855224609375
0.5362548828125
0.02362060546875
-0.5855712890625
-1.065673828125
0.07928466796875
-0.03582763671875
-0.3111572265625
-0.20947265625
-0.242919921875
-1.2154541015625
-0.27862548828125
0.89208984375
-0.41143798828125
0.14349365234375
-0.3824462890625
-0.820556640625
0.52447509765625
0.06829833984375
-0.85784912109375
-0.2576904296875
-1.3265380859375
-0.5391845703125
1.254150390625
1.51422119140625
0.65020751953125
-0.00677490234375
-0.70269775390625
0.40423583984375
0.11981201171875
-0.62335205078125
0.63543701171875
-0.9583740234375
0.19830322265625
0.6116943359375
0.65740966796875
-0.09356689453125
-0.34375
0.0557861328125
0.47601318359375
0.1373291015625
0.3187255859375
-0.55853271484375
0.2054443359375
0.67724609375
-0.16839599609375
-0.447021484375
0.25250244140625
-0.25164794921875
-0.24298095703125
0.36700439453125
-1.00299072265625
-0.12530517578125
0.0477294921875
-1.062744140625
-0.2374267578125
0.63592529296875
-0.41485595703125
0.23858642578125
-0.0684814453125
-0.46563720703125
0.06402587890625
-0.02362060546875
-0.286376953125
0.4803466796875
-0.30401611328125
-0.26318359375
-0.05145263671875
-0.137451171875
-0.32830810546875
-0.67254638671875
-0.2567138671875
0.037841796875
-0.34326171875
0.41644287109375
0.4390869140625
0.0155029296875
0.12176513671875
-0.08721923828125
-0.447265625
-0.66778564453125
-0.06158447265625
0.42974853515625
-0.5509033203125
-0.0263671875
-0.54913330078125
0.1309814453125
0.16473388671875
-0.12286376953125
-0.0245361328125
-0.525634765625
-0.46368408203125
0.31622314453125
0.35662841796875
-0.126708984375
-1.32159423828125
-0.0955810546875
-0.4063720703125
0.16619873046875
-0.18316650390625
0.00146484375
-0.58367919921875
-0.57183837890625
-0.087646484375
0.1475830078125
-0.00921630859375
-0.32666015625
-0.220703125
0.8345947265625
-0.7723388671875
-0.612060546875
0.5791015625
0.04107666015625
0.62896728515625
0.87945556640625
-0.033203125
-0.66094970703125
-0.27154541015625
-0.7369384765625
-1.19366455078125
0.15985107421875
-0.46014404296875
0.38140869140625
0.1927490234375
-0.7559814453125
-0.58404541015625
-0.9290771484375
0.62457275390625
-1.110107421875
-0.14544677734375
-0.24725341796875
-0.4320068359375
-0.7254638671875
0.1015625
-0.1505126953125
-0.63714599609375
0.010009765625
0.494140625
-0.000244140625
-0.35784912109375
0.17041015625
0.160400390625
-0.4052734375
-0.2833251953125
-0.33197021484375
0.451416015625
0.08856201171875
0.0042724609375
-0.12188720703125
-0.41741943359375
-0.2799072265625
-0.17938232421875
0.17340087890625
0.42962646484375
-0.293701171875
-1.55194091796875
0.0826416015625
0.06597900390625
-0.24774169921875
-0.5858154296875
-0.27447509765625
-1.006103515625
-0.90264892578125
0.40594482421875
0.74456787109375
-0.25262451171875
0.79022216796875
1.2119140625
-0.711669921875
-0.929443359375
-0.91754150390625
-0.0899658203125
-0.87054443359375
-0.48895263671875
-0.1829833984375
-0.119140625
0.01153564453125
0.97119140625
-0.8841552734375
-0.57318115234375
0.70855712890625
-1.34765625
-0.6781005859375
0.3695068359375
-0.3189697265625
-0.65545654296875
0.05767822265625
0.1207275390625
-0.341796875
0.2213134765625
-0.29119873046875
-0.2642822265625
-0.45733642578125
-0.735107421875
-0.82989501953125
-0.3045654296875
0.70281982421875
0.53564453125
-0.09442138671875
0.08355712890625
-0.20361328125
-0.2574462890625
-0.08807373046875
0.61102294921875
0.19281005859375
-0.62664794921875
0.3294677734375
-0.10601806640625
0.8143310546875
0.647216796875
-0.8671875
0.298828125
-0.62139892578125
-0.7928466796875
0.16827392578125
-0.43450927734375
0.261962890625
0.22015380859375
0.3232421875
0.36395263671875
-0.2840576171875
-0.67181396484375
0.1588134765625
-0.03533935546875
-0.46759033203125
0.25396728515625
0.4266357421875
-0.11566162109375
-0.08551025390625
0.1180419921875
-0.14202880859375
-0.6978759765625
-1.1480712890625
-0.72021484375
0.1351318359375
-0.21295166015625
0.69677734375
0.453369140625
0.4432373046875
-0.302734375
-0.71429443359375
0.04046630859375
0.06640625
-0.125
-0.2347412109375
0.61822509765625
0.35498046875
0.3267822265625
-0.15289306640625
-0.0699462890625
-0.48095703125
-0.14935302734375
0.0692138671875
-0.06103515625
-0.07476806640625
-0.2955322265625
-0.22705078125
0.035400390625
-0.3092041015625
-0.13037109375
-0.20849609375
0.31976318359375
-0.34521484375
0.077880859375
0.64495849609375
-0.0142822265625
0.0159912109375
-0.8079833984375
-0.06719970703125
0.40203857421875
-0.15277099609375
-0.195556640625
-0.1834716796875
0.38592529296875
-0.86126708984375
0.047119140625
0.042236328125
-0.234130859375
0.51751708984375
0.31793212890625
0.5538330078125
0.025634765625
-0.63763427734375
-0.54107666015625
-0.20855712890625
-0.44329833984375
-0.642822265625
-0.16058349609375
-0.03076171875
0.7034912109375
0.1163330078125
0.386962890625
0.5838623046875
0.13885498046875
0.3153076171875
-0.25067138671875
-0.08642578125
-0.34161376953125
0.14727783203125
-0.0513916015625
-0.3173828125
0.33453369140625
-0.59326171875
-0.27410888671875
-0.19354248046875
-0.15625
0.086669921875
-0.64520263671875
0.09222412109375
-0.14111328125
0.8428955078125
-0.21380615234375
-0.3214111328125
0.4144287109375
0.052978515625
-0.90277099609375
-0.18768310546875
-0.146240234375
-0.6622314453125
0.68157958984375
-0.45050048828125
-0.091064453125
0.47979736328125
-0.07574462890625
0.43463134765625
0.62786865234375
-0.1558837890625
-0.00079345703125
-0.318359375
-0.34869384765625
-0.5565185546875
-0.14923095703125
0.4197998046875
0.17083740234375
-0.67510986328125
-0.90380859375
0.26348876953125
0.0986328125
0.107421875
1.30621337890625
0.48236083984375
-0.40655517578125
0.29022216796875
-0.24249267578125
-0.630859375
-0.74090576171875
0.17645263671875
0.1973876953125
-0.04241943359375
-0.0623779296875
0.47088623046875
0.06085205078125
-0.01226806640625
0.36492919921875
-1.16015625
0.11724853515625
-0.2711181640625
-0.1683349609375
-0.57171630859375
-0.2177734375
0.31585693359375
-0.1268310546875
0.1739501953125
0.67755126953125
0.51226806640625
-0.35577392578125
-1.1400146484375
-0.681884765625
-0.27734375
-0.1234130859375
0.57366943359375
1.2420654296875
-0.04217529296875
-0.8851318359375
-0.0208740234375
-0.08746337890625
0.28240966796875
-0.665771484375
-0.57037353515625
-0.74542236328125
0.69854736328125
0.20513916015625
0.46478271484375
-0.77947998046875
-0.43597412109375
0.68255615234375
-0.14794921875
0.45269775390625
-1.85906982421875
-0.32989501953125
0.546875
0.049560546875
-0.67218017578125
-0.95953369140625
-0.58038330078125
0.935302734375
-0.7919921875
-0.63177490234375
-0.0106201171875
0.124267578125
-0.69207763671875
-0.53131103515625
-0.41058349609375
-0.71746826171875
-0.18243408203125
-0.50146484375
-0.53594970703125
0.37353515625
-0.33233642578125
-0.5775146484375
-0.16015625
-0.1015625
0.21893310546875
-0.01641845703125
-0.408203125
-0.09442138671875
-0.47662353515625
-0.3717041015625
-0.47314453125
0.06500244140625
0.0770263671875
0.0986328125
-0.8125
0.5106201171875
-0.30999755859375
-0.00921630859375
0.5238037109375
-0.3253173828125
-0.616943359375
-0.0986328125
-0.28375244140625
-0.12322998046875
-0.07867431640625
-0.12591552734375
-0.36773681640625
-0.41754150390625
-0.28851318359375
0.039306640625
-0.1788330078125
0.37933349609375
0.0830078125
0.17938232421875
-0.08349609375
-0.1925048828125
0.1435546875
-0.21234130859375
-1.0889892578125
-0.03515625
-0.385009765625
0.01116943359375
0.46392822265625
-0.06512451171875
-1.15252685546875
-0.03411865234375
0.14898681640625
0.28887939453125
0.75164794921875
-0.02850341796875
-0.13543701171875
-0.26409912109375
0.3052978515625
0.02239990234375
-0.5443115234375
0.25048828125
-0.251953125
-0.3251953125
-0.39166259765625
-0.22503662109375
0.60174560546875
-0.53875732421875
0.38006591796875
-0.4273681640625
-0.41552734375
-0.61004638671875
0.09942626953125
0.06683349609375
-0.25921630859375
-0.57452392578125
-0.63165283203125
0.024169921875
-0.19659423828125
0.24713134765625
-0.01153564453125
-0.56231689453125
-0.11749267578125
0.25042724609375
-0.46832275390625
-0.11871337890625
-0.64703369140625
0.72601318359375
-0.11663818359375
0.00555419921875
-0.73443603515625
-0.33966064453125
-0.6881103515625
0.11724853515625
-0.23638916015625
-0.63653564453125
-0.160400390625
0.8265380859375
0.0072021484375
0.2598876953125
-0.11041259765625
0.06207275390625
0.4947509765625
-0.42376708984375
0.04144287109375
-0.2196044921875
-0.21026611328125
-0.972412109375
-0.27362060546875
1.03668212890625
0.1136474609375
0.3463134765625
0.15533447265625
-0.760986328125
0.23455810546875
0.1163330078125
-0.65423583984375
0.39007568359375
0.83294677734375
0.25030517578125
0.71148681640625
-0.22698974609375
-1.3555908203125
-0.91314697265625
0.13092041015625
-0.58544921875
-0.03973388671875
-0.634765625
0.24884033203125
0.7567138671875
-0.08233642578125
-0.2320556640625
0.9161376953125
-0.77008056640625
-0.14715576171875
0.67388916015625
-1.46685791015625
-0.31756591796875
-0.64044189453125
-0.52783203125
-0.7650146484375
0.65924072265625
0.34649658203125
0.49053955078125
-0.03369140625
-1.03448486328125
0.2630615234375
-1.00860595703125
0.46221923828125
-0.63983154296875
-0.399169921875
-0.031494140625
0.34539794921875
0.46783447265625
0.4874267578125
0.742919921875
-0.437255859375
0.422607421875
-0.68011474609375
-0.0172119140625
-0.4500732421875
-0.5130615234375
-0.0679931640625
-0.01031494140625
1.1529541015625
-0.5963134765625
-0.20623779296875
-0.4873046875
-0.2056884765625
-0.86627197265625
0.143310546875
0.791259765625
0.191162109375
-0.00445556640625
-0.34234619140625
-0.0106201171875
-0.79156494140625
-0.2664794921875
0.66302490234375
-0.5040283203125
0.34783935546875
-0.16986083984375
-0.320068359375
0.3916015625
-0.22509765625
0.20855712890625
-0.41473388671875
0.05133056640625
-0.63720703125
0.2213134765625
-0.05987548828125
0.4132080078125
-0.3514404296875
0.27081298828125
0.487548828125
-0.447998046875
-0.07928466796875
-0.17474365234375
0.17620849609375
-0.3779296875
0.0980224609375
0.056884765625
-0.46636962890625
0.13775634765625
0.114501953125
-0.18402099609375
-0.26654052734375
-0.1134033203125
0.261474609375
-0.1910400390625
-0.205078125
-0.51483154296875
-0.1552734375
-0.293212890625
0.0341796875
0.118408203125
-0.08099365234375
-0.65960693359375
-0.2701416015625
-0.1033935546875
-0.1251220703125
-0.3323974609375
0.0150146484375
0.57989501953125
-0.04327392578125
0.27252197265625
-0.29669189453125
-1.094970703125
0.08660888671875
0.07208251953125
-0.35302734375
-0.2684326171875
0.239990234375
0.05609130859375
-0.741943359375
0.07867431640625
0.3485107421875
0.03302001953125
-0.35028076171875
0.71856689453125
0.33050537109375
-0.93670654296875
-0.149169921875
0.6412353515625
-0.63580322265625
-0.28863525390625
-0.03631591796875
-0.12420654296875
-0.0274658203125
-0.07061767578125
-0.2196044921875
0.14410400390625
0.12200927734375
-0.08544921875
-0.3865966796875
0.175537109375
-0.02874755859375
-0.65155029296875
0.62847900390625
-0.73046875
-0.0037841796875
-0.327392578125
-0.59527587890625
-0.00909423828125
-0.23455810546875
-0.1053466796875
-0.4024658203125
-0.386474609375
-0.61590576171875
-0.7362060546875
1.20953369140625
1.36090087890625
-0.51251220703125
-0.0028076171875
0.11767578125
0.36431884765625
-0.1712646484375
0.50616455078125
-0.07342529296875
-0.88861083984375
-0.8323974609375
0.15057373046875
0.03759765625
1.48236083984375
0.331298828125
0.67889404296875
-0.6610107421875
0.25
-0.6011962890625
-0.0472412109375
-0.2987060546875
0.287353515625
1.1654052734375
0.55303955078125
1.05401611328125
0.166015625
-0.90576171875
-0.6064453125
0.62176513671875
-0.1954345703125
-0.1383056640625
-0.64727783203125
-0.586181640625
0.94305419921875
-0.2769775390625
0.00775146484375
0.48809814453125
-0.50091552734375
-0.11932373046875
0.61358642578125
-1.314453125
0.034912109375
0.22161865234375
-0.8369140625
1.27178955078125
1.14971923828125
0.094482421875
-0.4822998046875
-0.05047607421875
-0.7205810546875
-0.72412109375
0.12005615234375
-0.64971923828125
-0.2415771484375
-0.48895263671875
0.0723876953125
0.4915771484375
-0.292724609375
-0.15948486328125
-0.0455322265625
-0.19805908203125
1.13177490234375
-0.3414306640625
-0.30535888671875
-0.23980712890625
-0.7325439453125
-0.32244873046875
0.26239013671875
-0.41143798828125
-1.5750732421875
-0.6536865234375
-0.9515380859375
0.55743408203125
0.141845703125
-0.40106201171875
-0.54327392578125
0.19732666015625
0.4361572265625
0.00494384765625
-0.4473876953125
-0.6876220703125
-0.31201171875
0.45269775390625
0.482421875
-0.169677734375
-0.56817626953125
0.31573486328125
-0.15380859375
-0.46221923828125
-0.0703125
-0.5191650390625
-0.32037353515625
0.5546875
-0.12530517578125
-0.4755859375
-0.02947998046875
-0.8258056640625
-0.871337890625
-0.09527587890625
0.08746337890625
0.0750732421875
-0.724609375
-0.1409912109375
0.5357666015625
-0.50860595703125
0.2044677734375
-0.29803466796875
-0.47845458984375
0.055419921875
0.2230224609375
-0.22515869140625
-0.2701416015625
0.69329833984375
-0.1629638671875
-0.4429931640625
0.18035888671875
0.156494140625
-0.581787109375
-0.85638427734375
0.467041015625
-0.234619140625
-0.589599609375
0.22100830078125
-0.2034912109375
-0.02960205078125
-0.55120849609375
0.54034423828125
-0.102294921875
-0.28521728515625
0.24859619140625
-0.3204345703125
-0.5718994140625
0.2281494140625
-0.174560546875
-0.79998779296875
-0.21417236328125
-0.0732421875
-0.417724609375
0.25482177734375
0.4747314453125
-0.0274658203125
0.10906982421875
0.43243408203125
-0.21917724609375
-0.11614990234375
-0.78997802734375
-0.36151123046875
-0.00164794921875
-0.23529052734375
0.02716064453125
-0.3773193359375
-0.1004638671875
-0.99114990234375
-0.14501953125
-0.80035400390625
-0.5452880859375
0.11090087890625
0.08526611328125
0.10614013671875
-0.68023681640625
-0.33465576171875
-0.1278076171875
-0.25177001953125
-0.7880859375
-0.2996826171875
-0.24224853515625
-0.310791015625
0.384765625
-0.14422607421875
-0.56732177734375
-1.31781005859375
-0.64166259765625
-0.698974609375
0.323974609375
0.482421875
0.2652587890625
-0.08489990234375
0.04559326171875
-0.00250244140625
-0.46966552734375
0.140380859375
0.03338623046875
-0.85540771484375
-1.31060791015625
-0.7451171875
-0.23553466796875
0.6612548828125
0.19256591796875
0.2015380859375
-0.1363525390625
0.6082763671875
-0.2647705078125
-1.0015869140625
0.6578369140625
0.37384033203125
0.21734619140625
0.0885009765625
-0.277099609375
-0.25421142578125
-1.46954345703125
-0.56378173828125
-0.05169677734375
0.0567626953125
-0.30133056640625
-0.21142578125
0.03466796875
0.0916748046875
0.1942138671875
-0.61279296875
1.30194091796875
1.15093994140625
-0.11236572265625
0.53363037109375
-0.736328125
-0.528076171875
-0.0787353515625
-0.0196533203125
0.46746826171875
-0.10400390625
0.57763671875
-0.1649169921875
-0.3106689453125
-1.02923583984375
0.3016357421875
-0.7763671875
-0.03204345703125
0.3961181640625
-0.14764404296875
0.0657958984375
0.48687744140625
0.533447265625
-0.30853271484375
-0.55242919921875
-0.19512939453125
0.17071533203125
0.1077880859375
-0.72930908203125
-0.133544921875
0.0045166015625
-0.09686279296875
-0.14971923828125
0.2388916015625
-0.05682373046875
-0.43975830078125
-0.3779296875
-0.4676513671875
0.04345703125
-0.568603515625
0.13250732421875
0.38031005859375
-0.43115234375
-0.15789794921875
-0.30389404296875
-0.3126220703125
0.35595703125
-0.0257568359375
-0.18048095703125
0.297119140625
-0.24462890625
0.157470703125
-0.51806640625
-1.09503173828125
-0.4315185546875
1.2586669921875
-0.28106689453125
1.14959716796875
-0.4241943359375
-0.21282958984375
-0.24237060546875
-0.0003662109375
-0.2227783203125
-0.66497802734375
-0.2803955078125
0.3958740234375
-0.19854736328125
0.873291015625
-0.0330810546875
-0.428955078125
0.5972900390625
0.2012939453125
-0.09442138671875
0.154296875
-0.165771484375
-0.00457763671875
0.40618896484375
-0.02447509765625
-0.16278076171875
-0.37158203125
-0.28173828125
-0.01629638671875
-0.294921875
-0.1561279296875
0.58929443359375
-0.43280029296875
-0.8380126953125
-0.380126953125
-0.1455078125
-0.0528564453125
-0.3963623046875
0.1534423828125
-0.63134765625
-0.444580078125
-0.30322265625
-0.79278564453125
-0.0677490234375
-0.20367431640625
-0.14190673828125
0.455078125
-0.527587890625
0.01226806640625
-0.3677978515625
-0.25897216796875
-0.5228271484375
-0.2728271484375
0.28302001953125
-0.18328857421875
-0.0966796875
-0.5640869140625
-0.6923828125
-0.0428466796875
-0.5966796875
-0.2069091796875
-0.06915283203125
-0.63372802734375
-0.7591552734375
-0.1131591796875
0.0775146484375
-0.1485595703125
0.156005859375
0.0419921875
-0.08819580078125
-0.20050048828125
0.13653564453125
0.1851806640625
-0.0894775390625
-0.87249755859375
-0.77301025390625
-0.2130126953125
-0.14453125
0.15228271484375
0.33660888671875
-0.070068359375
-0.46734619140625
-0.5455322265625
-0.0394287109375
-0.14190673828125
0.063720703125
-0.24359130859375
-0.05474853515625
-1.08660888671875
-0.30267333984375
0.238525390625
0.18084716796875
0.27850341796875
0.20263671875
-0.19622802734375
-1.03985595703125
-0.3211669921875
0.5704345703125
1.3055419921875
-0.2545166015625
-0.4100341796875
-0.30499267578125
0.29644775390625
0.64434814453125
0.01055908203125
-0.6019287109375
-0.920654296875
0.8309326171875
0.2501220703125
0.32647705078125
-0.062744140625
-1.75396728515625
0.62628173828125
0.14129638671875
-1.16632080078125
0.03497314453125
0.41387939453125
-0.12054443359375
0.95648193359375
0.5419921875
-0.53192138671875
0.65252685546875
-0.25726318359375
-0.2498779296875
0.3629150390625
-0.761962890625
-0.9700927734375
-0.3072509765625
-0.64276123046875
0.54449462890625
0.81341552734375
0.850341796875
-0.433837890625
-0.550537109375
-0.83392333984375
-0.0950927734375
-0.09381103515625
-0.00067138671875
0.2012939453125
-0.27691650390625
-0.26568603515625
1.20294189453125
0.09906005859375
-0.30755615234375
-0.21405029296875
0.00018310546875
-0.63128662109375
-0.4893798828125
-0.18560791015625
-1.1636962890625
0.35772705078125
0.27099609375
0.10382080078125
0.2115478515625
-0.34210205078125
-0.61724853515625
-0.48638916015625
-0.62384033203125
0.2470703125
0.2747802734375
-0.35394287109375
-0.15155029296875
-0.05157470703125
-0.0511474609375
-0.5836181640625
-0.76513671875
-0.2210693359375
0.15313720703125
-0.42669677734375
-0.26104736328125
-1.0086669921875
0.5914306640625
-0.55670166015625
-0.27569580078125
0.1583251953125
-0.44573974609375
-0.33636474609375
0.5263671875
-0.38092041015625
0.7938232421875
-0.15472412109375
0.55499267578125
-0.15203857421875
-0.43231201171875
-0.569091796875
0.8446044921875
-0.00341796875
-0.21893310546875
-0.0372314453125
-0.68670654296875
0.33978271484375
0.34521484375
-0.4517822265625
0.4718017578125
0.3245849609375
0.2630615234375
-0.3709716796875
0.16595458984375
-0.09918212890625
-0.0042724609375
-0.69366455078125
-0.3958740234375
0.28302001953125
0.202392578125
-0.0902099609375
-0.17193603515625
-0.36920166015625
0.692138671875
0.41827392578125
0.01983642578125
-0.61663818359375
0.0169677734375
-0.50677490234375
-0.0821533203125
-0.67462158203125
0.7066650390625
-0.27301025390625
-0.839599609375
-0.04681396484375
-0.22979736328125
-0.0772705078125
-0.2392578125
-0.60626220703125
0.05352783203125
-0.6334228515625
-0.5618896484375
0.820556640625
0.46826171875
-0.3424072265625
-0.20306396484375
-0.33270263671875
-0.3292236328125
-0.1544189453125
0.4200439453125
0.20770263671875
0.00689697265625
0.2645263671875
-0.02716064453125
-0.269287109375
-0.2232666015625
0.74029541015625
0.208984375
-0.26910400390625
0.41943359375
0.2991943359375
0.1251220703125
-0.10009765625
-0.45599365234375
-0.0035400390625
-0.0155029296875
0.193359375
-0.164794921875
-0.501220703125
-0.30877685546875
-0.0865478515625
-0.62420654296875
-0.62481689453125
-0.1571044921875
0.21893310546875
-0.07720947265625
0.11773681640625
0.91766357421875
-0.545654296875
-1.12396240234375
0.75372314453125
0.1326904296875
0.00787353515625
-0.2420654296875
-0.27093505859375
-0.3790283203125
-1.37371826171875
0.62335205078125
0.0810546875
0.49139404296875
-0.21112060546875
-0.85552978515625
0.1376953125
-0.24658203125
0.1710205078125
-1.16351318359375
-0.81402587890625
-1.24066162109375
1.12542724609375
0.5548095703125
-0.11346435546875
-0.0457763671875
0.646484375
-0.34063720703125
-0.16107177734375
0.4713134765625
-0.134521484375
-1.08984375
0.764892578125
0.017822265625
-0.1220703125
-0.28173828125
-1.167236328125
0.54608154296875
1.1756591796875
-0.44976806640625
-0.06103515625
-0.62774658203125
-0.0008544921875
0.74981689453125
0.0391845703125
0.31317138671875
0.7822265625
-0.44390869140625
-0.3741455078125
0.66644287109375
0.16864013671875
-0.6158447265625
0.11676025390625
-1.33380126953125
0.0694580078125
0.0128173828125
0.750244140625
-0.03277587890625
-0.973388671875
-0.08953857421875
0.52056884765625
0.5489501953125
-0.65496826171875
0.015380859375
-0.01531982421875
0.65191650390625
-0.11907958984375
-0.4454345703125
0.1180419921875
-0.21514892578125
0.01953125
-0.062255859375
-0.5067138671875
-0.9794921875
-0.57470703125
0.130615234375
0.44317626953125
0.04595947265625
-0.113525390625
-0.79931640625
-0.22772216796875
0.20098876953125
-0.14306640625
-0.244384765625
0.193359375
-0.64599609375
0.27716064453125
-0.0108642578125
-0.20452880859375
-0.2734375
0.1839599609375
-0.47552490234375
-0.41949462890625
-0.90863037109375
0.14471435546875
-0.82781982421875
-0.0848388671875
0.4613037109375
-0.7049560546875
0.37457275390625
-0.84576416015625
-0.5621337890625
0.4864501953125
-0.662353515625
-0.3084716796875
-0.22247314453125
-0.136962890625
-0.41168212890625
-0.73065185546875
-0.9453125
-0.30975341796875
0.386474609375
0.34088134765625
0.6219482421875
0.72430419921875
-0.480712890625
-0.806396484375
-0.6888427734375
-0.57025146484375
0.38787841796875
0.1651611328125
-0.43621826171875
0.11761474609375
-0.9786376953125
0.33441162109375
0.625732421875
0.5208740234375
-0.3809814453125
0.0897216796875
0.33892822265625
0.3934326171875
-0.34600830078125
0.18670654296875
-0.09515380859375
-0.48651123046875
0.05377197265625
0.10406494140625
-0.21929931640625
0.03271484375
-0.64483642578125
-0.522216796875
0.01715087890625
0.07061767578125
0.10614013671875
0.33856201171875
-0.85614013671875
-0.2459716796875
-0.049072265625
-0.58197021484375
-0.1795654296875
0.2655029296875
-1.19158935546875
-0.49346923828125
-0.00347900390625
0.34906005859375
-0.0849609375
-0.873779296875
-1.20465087890625
-0.440185546875
0.52178955078125
-0.33233642578125
0.5892333984375
-0.1654052734375
-0.97552490234375
0.08795166015625
-0.982421875
0.55255126953125
-0.05517578125
0.2684326171875
-0.2913818359375
0.48419189453125
-0.38299560546875
-0.484375
0.76739501953125
-0.10418701171875
-0.8719482421875
-0.70953369140625
0.11700439453125
-0.49945068359375
0.12811279296875
-0.91192626953125
-0.14031982421875
-0.62353515625
-0.9075927734375
-0.36651611328125
0.92547607421875
0.30023193359375
-0.91943359375
0.40252685546875
0.64385986328125
-0.63421630859375
-0.6900634765625
0.12408447265625
-0.3077392578125
-0.17645263671875
0.46246337890625
0.04833984375
0.280029296875
-1.74310302734375
-0.6234130859375
-0.2998046875
-1.09466552734375
-0.58935546875
0.32806396484375
0.08673095703125
0.34393310546875
-1.02618408203125
-1.1551513671875
0.40557861328125
0.0789794921875
-0.9136962890625
0.41943359375
-0.4781494140625
-0.2186279296875
-0.36431884765625
-1.38763427734375
0.57257080078125
0.90167236328125
1.19622802734375
0.12701416015625
-0.30474853515625
-0.84320068359375
0.24566650390625
0.0809326171875
-0.73663330078125
-0.5986328125
0.09442138671875
-0.0526123046875
1.0968017578125
-0.28216552734375
-0.65960693359375
0.348388671875
-0.2530517578125
0.54571533203125
0.07611083984375
-0.68048095703125
1.0426025390625
0.92510986328125
-0.560791015625
0.69989013671875
-0.1265869140625
-0.2430419921875
-0.095947265625
0.29718017578125
0.07379150390625
0.62353515625
-0.5068359375
0.5667724609375
0.6075439453125
-0.5831298828125
-0.2398681640625
-0.6741943359375
-0.18524169921875
0.05023193359375
-0.78570556640625
0.0675048828125
-0.19903564453125
-0.484619140625
0.12939453125
0.83428955078125
-0.1864013671875
-0.0657958984375
0.6690673828125
0.12286376953125
-0.87359619140625
0.15509033203125
-0.16949462890625
0.06268310546875
-0.22857666015625
-0.36004638671875
-0.47711181640625
-0.678955078125
0.0162353515625
0.14776611328125
0.31060791015625
-0.33380126953125
0.31103515625
0.0390625
-0.44268798828125
-0.77227783203125
0.14678955078125
-0.21832275390625
-0.11090087890625
0.069580078125
-0.25927734375
-0.47406005859375
0.36968994140625
-0.1214599609375
0.35845947265625
-0.080810546875
-0.0841064453125
-0.12298583984375
0.4566650390625
-1.08331298828125
0.2545166015625
-0.17626953125
0.0667724609375
0.1195068359375
-0.5771484375
-0.7684326171875
-0.39898681640625
-0.4033203125
0.18255615234375
0.4412841796875
0.2645263671875
-0.2587890625
-0.1549072265625
-0.17071533203125
-0.31591796875
-0.1962890625
-0.1702880859375
0.1456298828125
-0.1875
-0.34613037109375
0.52850341796875
-0.1402587890625
-0.32403564453125
0.2142333984375
-0.53131103515625
0.01953125
-0.3779296875
-0.35052490234375
0.0882568359375
0.38916015625
0.5703125
-0.17626953125
0.20660400390625
-0.47430419921875
0.57855224609375
0.69915771484375
-0.1552734375
0.29254150390625
0.41339111328125
0.06646728515625
-0.2747802734375
-0.11376953125
-0.08319091796875
0.6993408203125
0.4447021484375
-0.0263671875
-0.37567138671875
-0.24139404296875
-0.60784912109375
-0.69012451171875
0.180908203125
0.9781494140625
-0.0440673828125
-0.27850341796875
-0.481689453125
-0.885986328125
-0.1807861328125
-0.4422607421875
-0.22467041015625
0.06781005859375
-0.00146484375
-1.12701416015625
-0.0770263671875
1.001953125
-0.0166015625
-0.6507568359375
-0.85546875
-0.2095947265625
1.2896728515625
-0.12554931640625
-0.88409423828125
-0.45880126953125
0.20819091796875
0.157958984375
1.041748046875
-0.3079833984375
0.630615234375
-0.78338623046875
0.2808837890625
1.02337646484375
-1.96856689453125
-0.673583984375
1.57513427734375
0.87371826171875
-0.03839111328125
-0.031494140625
-0.850341796875
0.568115234375
0.308837890625
-0.99810791015625
0.177490234375
-0.82421875
-0.34393310546875
0.435302734375
-0.18951416015625
0.14093017578125
0.66717529296875
-0.010009765625
-0.41192626953125
-0.27374267578125
-0.63299560546875
0.55816650390625
0.24102783203125
-0.6573486328125
-1.25830078125
-0.38006591796875
1.17877197265625
0.4652099609375
-0.27886962890625
-0.75396728515625
-0.91973876953125
0.4976806640625
0.1005859375
-1.0718994140625
-0.7005615234375
-0.4937744140625
-0.16259765625
0.4959716796875
0.10137939453125
-0.13336181640625
-0.02557373046875
-0.2593994140625
0.43743896484375
-0.15264892578125
-0.4210205078125
0.674560546875
-0.51654052734375
0.04864501953125
-0.56072998046875
0.5697021484375
0.62847900390625
-0.51824951171875
-0.44732666015625
0.51446533203125
-0.81707763671875
-0.12054443359375
-0.24884033203125
0.53619384765625
-0.14337158203125
-0.69940185546875
-0.3782958984375
0.01190185546875
0.0025634765625
0.61444091796875
-0.13751220703125
0.0137939453125
-0.1627197265625
-0.4962158203125
-0.14459228515625
-0.34869384765625
0.3438720703125
0.2958984375
0.5185546875
0.03656005859375
-0.2154541015625
-0.3436279296875
-0.528564453125
-0.66217041015625
0.01812744140625
-1.29150390625
-0.1651611328125
-0.0810546875
-0.135986328125
0.50970458984375
-0.22802734375
-0.39630126953125
-0.004638671875
-0.4105224609375
-0.37261962890625
-0.62933349609375
0.624267578125
-0.27569580078125
-0.6380615234375
-0.54669189453125
-0.86517333984375
0.34710693359375
-0.01739501953125
-0.18084716796875
0.21160888671875
-0.24530029296875
-0.57293701171875
-0.26202392578125
-0.1622314453125
0.22406005859375
-0.184326171875
-0.45263671875
0.5146484375
-0.15606689453125
-0.87567138671875
-0.28460693359375
-0.314697265625
0.647705078125
-0.0389404296875
-0.66107177734375
0.31591796875
-0.59637451171875
-0.321044921875
-0.7342529296875
-0.1556396484375
-0.89361572265625
-0.26055908203125
-0.0892333984375
-0.390625
-0.11834716796875
0.04931640625
-0.25970458984375
-0.189208984375
0.4156494140625
0.52789306640625
-0.11431884765625
0.32208251953125
-0.4375
-0.2052001953125
0.30426025390625
-0.36505126953125
0.37225341796875
-0.0081787109375
-0.18292236328125
-0.25372314453125
-0.0802001953125
-0.0172119140625
-0.39630126953125
-0.48907470703125
0.08331298828125
0.4046630859375
0.08843994140625
-0.56951904296875
-0.35205078125
-1.41607666015625
-0.3128662109375
-0.0625
0.43621826171875
0.885498046875
0.67633056640625
-0.4263916015625
-1.32196044921875
-0.98052978515625
0.08203125
0.65777587890625
0.49981689453125
-0.9453125
0.120849609375
0.7454833984375
-0.33795166015625
-0.18505859375
-0.01434326171875
0.0037841796875
0.5694580078125
0.45623779296875
0.42266845703125
0.29327392578125
-1.102294921875
-1.38702392578125
-0.60260009765625
-0.797607421875
-0.527587890625
-0.28094482421875
0.17401123046875
0.1732177734375
-0.3970947265625
-0.03448486328125
-0.778564453125
0.1954345703125
-0.61676025390625
0.82354736328125
-0.03948974609375
-0.71929931640625
-0.73614501953125
-0.26190185546875
0.45794677734375
0.67919921875
0.0654296875
-1.36669921875
0.16986083984375
0.1400146484375
0.46148681640625
0.0894775390625
-1.33526611328125
0.29925537109375
-0.0816650390625
-0.25970458984375
0.91583251953125
-0.04541015625
-0.69207763671875
-0.9627685546875
0.132080078125
0.74554443359375
-0.1064453125
-1.29693603515625
0.0443115234375
0.9974365234375
-0.01611328125
0.24163818359375
-0.2119140625
-0.64678955078125
0.2957763671875
0.01275634765625
-0.626953125
-0.0015869140625
-0.28826904296875
-0.29815673828125
-0.09869384765625
0.16015625
-0.57501220703125
-0.50592041015625
0.033447265625
-0.184326171875
0.36614990234375
0.13848876953125
0.14215087890625
0.12115478515625
-0.59808349609375
-0.02398681640625
-0.109375
-0.38330078125
-0.424560546875
-0.32720947265625
-0.544677734375
-0.17913818359375
-0.001220703125
0.49700927734375
-0.29730224609375
-0.6561279296875
-0.1591796875
-0.4517822265625
-0.08526611328125
0.1229248046875
-0.47259521484375
-0.683837890625
0.046142578125
1.10943603515625
0.38494873046875
-0.3526611328125
-1.359619140625
0.021484375
1.05975341796875
-0.13720703125
0.0433349609375
-0.7113037109375
0.6287841796875
-0.2005615234375
0.18890380859375
-0.31048583984375
-0.0390625
0.02923583984375
-0.056884765625
-0.11041259765625
-0.4322509765625
-0.24761962890625
-0.37225341796875
0.0316162109375
0.27398681640625
-0.09527587890625
-0.56976318359375
0.33270263671875
0.00518798828125
-0.311279296875
-0.3651123046875
-0.2584228515625
-0.1414794921875
0.0738525390625
-0.80377197265625
-0.6749267578125
0.40704345703125
-0.33026123046875
-0.62347412109375
0.05169677734375
0.900634765625
0.75872802734375
-0.14056396484375
-0.424072265625
-0.56317138671875
0.019287109375
-0.02618408203125
0.01275634765625
-0.831298828125
0.4600830078125
-0.04974365234375
-0.21893310546875
0.2132568359375
0.28973388671875
-0.11468505859375
-0.211669921875
-0.17364501953125
0.00738525390625
-0.44415283203125
1.0406494140625
0.6766357421875
-0.73809814453125
-0.694580078125
0.1884765625
0.287841796875
-0.28387451171875
-0.68585205078125
-0.069580078125
-0.33648681640625
0.3773193359375
-0.127197265625
0.38348388671875
-0.549072265625
-0.7301025390625
-0.5662841796875
-0.29608154296875
-0.2060546875
0.0877685546875
-0.2041015625
-0.64044189453125
-0.00054931640625
-0.1414794921875
-1.8406982421875
0.192626953125
1.83355712890625
0.09600830078125
0.84429931640625
-0.1478271484375
0.10491943359375
-0.16302490234375
-0.242919921875
-0.196044921875
-0.312744140625
0.265869140625
-0.322509765625
0.35687255859375
0.5078125
-0.36065673828125
-1.28668212890625
-0.44183349609375
0.649658203125
-0.39678955078125
0.2188720703125
-0.73675537109375
0.161865234375
0.05828857421875
-0.857177734375
0.37237548828125
0.0489501953125
0.05279541015625
0.2481689453125
-0.87762451171875
0.2239990234375
-0.06146240234375
-0.46063232421875
-0.27593994140625
-0.06683349609375
0.004150390625
0.62396240234375
-1.24835205078125
-0.856201171875
0.32476806640625
-0.056640625
-0.6988525390625
-0.68609619140625
-0.92462158203125
0.3179931640625
0.57391357421875
0.65789794921875
0.1378173828125
-1.0560302734375
-0.05023193359375
0.59686279296875
-0.75262451171875
-0.4620361328125
-0.13531494140625
-0.41741943359375
0.11572265625
-0.39532470703125
-0.45721435546875
-0.51416015625
-0.172119140625
-0.20587158203125
0.47540283203125
-0.415283203125
0.6600341796875
0.02117919921875
-0.3531494140625
0.9893798828125
-0.14434814453125
-0.1051025390625
0.47723388671875
0.231201171875
0.03143310546875
0.178466796875
0.27801513671875
0.12322998046875
-0.158203125
-0.25830078125
-0.18768310546875
0.34051513671875
-0.54217529296875
0.38104248046875
-0.89996337890625
0.3760986328125
0.89501953125
-0.14776611328125
0.3321533203125
0.1014404296875
-0.0916748046875
-0.49237060546875
-0.13555908203125
0.16748046875
-0.32586669921875
0.43939208984375
0.0728759765625
0.12371826171875
0.0499267578125
-0.2806396484375
-0.14208984375
-0.87640380859375
0.16998291015625
-0.0638427734375
0.7545166015625
1.0201416015625
0.11102294921875
-0.2889404296875
-0.10345458984375
0.154052734375
-0.50628662109375
0.47808837890625
0.10546875
0.52154541015625
0.47760009765625
-0.62359619140625
-0.286376953125
0.29107666015625
-0.66363525390625
-0.47576904296875
0.18572998046875
-0.38397216796875
-0.1678466796875
-0.10394287109375
-0.15350341796875
-0.6571044921875
-0.1358642578125
-0.52252197265625
0.23876953125
0.248779296875
-0.03350830078125
-0.2593994140625
0.33795166015625
-1.050537109375
-0.511474609375
0.42840576171875
0.05950927734375
-0.2308349609375
-0.0849609375
-0.15185546875
0.4154052734375
-0.68243408203125
-0.39990234375
0.0513916015625
-0.3460693359375
-0.16986083984375
-0.42681884765625
-0.02294921875
-0.10101318359375
0.04931640625
-0.491943359375
-0.095947265625
-0.2764892578125
-0.6009521484375
-0.27130126953125
0.36376953125
-0.55322265625
0.09027099609375
0.08258056640625
-0.2327880859375
-0.055419921875
0.11676025390625
-0.68878173828125
0.20819091796875
0.0301513671875
0.4737548828125
-0.3448486328125
-0.807861328125
-1.7088623046875
-0.49285888671875
-0.49169921875
0.1917724609375
0.56378173828125
0.21893310546875
-0.47515869140625
-0.74029541015625
-1.0732421875
-0.73736572265625
0.40447998046875
0.03839111328125
-0.21209716796875
0.26788330078125
0.56085205078125
-0.03497314453125
-0.8966064453125
-0.25396728515625
-0.111328125
0.08978271484375
0.37786865234375
-0.050537109375
0.05755615234375
-0.99072265625
-0.3221435546875
1.651611328125
-0.6707763671875
-1.03997802734375
1.03338623046875
0.281982421875
-0.3565673828125
1.135986328125
-0.62127685546875
-0.80755615234375
0.17510986328125
-1.0888671875
0.28839111328125
0.12054443359375
-1.126220703125
-0.06695556640625
0.02545166015625
-0.44677734375
0.25543212890625
0.35601806640625
-1.01226806640625
0.0032958984375
-0.92626953125
-0.4423828125
0.56134033203125
-0.57501220703125
-0.1492919921875
-0.46783447265625
-0.540771484375
0.638671875
-0.34063720703125
-0.47698974609375
-0.47625732421875
0.477294921875
0.0572509765625
-0.40789794921875
-1.18072509765625
-0.2198486328125
0.4073486328125
-0.01025390625
-0.09332275390625
-0.85369873046875
0.33673095703125
-0.13427734375
0.17926025390625
-0.26837158203125
-0.18756103515625
0.10546875
0.249755859375
-0.45233154296875
0.0177001953125
-0.12957763671875
0.0859375
0.16876220703125
-0.15380859375
0.2283935546875
-0.806396484375
0.01788330078125
0.075439453125
-0.4110107421875
-0.42791748046875
0.1561279296875
0.14825439453125
0.43505859375
0.56805419921875
-0.26220703125
0.14813232421875
0.08551025390625
0.33990478515625
0.36724853515625
0.30987548828125
0.44879150390625
-0.26641845703125
-0.07586669921875
-0.2056884765625
0.138427734375
0.0029296875
0.336181640625
-0.07525634765625
-0.51953125
0.318115234375
0.20147705078125
-0.27801513671875
0.1168212890625
-0.73681640625
0.421630859375
0.297119140625
0.35205078125
-0.30364990234375
0.22247314453125
0.663330078125
0.35247802734375
-0.67236328125
-0.4715576171875
0.07781982421875
0.59320068359375
-0.56451416015625
0.447509765625
-0.634765625
-1.20965576171875
0.08441162109375
0.64813232421875
-0.2850341796875
-0.19866943359375
-0.4439697265625
0.2525634765625
0.09527587890625
0.295166015625
-0.0667724609375
-0.268310546875
-0.5269775390625
-0.46685791015625
-0.22625732421875
0.047119140625
0.03399658203125
-0.1005859375
0.1026611328125
-0.03863525390625
0.17022705078125
-0.205078125
-0.1234130859375
0.20806884765625
-0.688720703125
-0.811279296875
0.40679931640625
0.354248046875
-0.55841064453125
-0.5633544921875
0.13580322265625
0.6326904296875
-0.3140869140625
-0.34112548828125
-0.00311279296875
-0.447265625
-0.62158203125
-0.86871337890625
0.0966796875
-0.4317626953125
-0.0758056640625
0.65606689453125
0.02838134765625
0.5670166015625
0.79058837890625
-0.84356689453125
-0.577392578125
-0.2318115234375
-0.2965087890625
-0.014892578125
0.975830078125
0.5167236328125
-0.271728515625
-0.09539794921875
0.3046875
0.6046142578125
-0.58514404296875
0.45379638671875
-0.1156005859375
-0.58868408203125
-0.60894775390625
0.51873779296875
1.1572265625
0.325439453125
-0.228271484375
-0.31964111328125
0.128173828125
-0.5850830078125
0.34881591796875
-1.1763916015625
-0.19390869140625
0.25921630859375
1.15802001953125
1.10003662109375
0.305908203125
-0.773193359375
-0.640869140625
-1.26507568359375
-0.266357421875
0.85028076171875
0.21832275390625
-1.1337890625
1.110595703125
-0.27935791015625
-0.5213623046875
0.54595947265625
-0.631591796875
0.64727783203125
1.22406005859375
-0.35797119140625
-0.203857421875
-0.40423583984375
-0.95013427734375
0.49835205078125
0.59808349609375
0.81634521484375
0.5057373046875
-0.76690673828125
-0.8343505859375
-0.20489501953125
-0.78045654296875
-0.77838134765625
-0.03326416015625
-0.0404052734375
0.45263671875
0.525634765625
0.420166015625
-0.4752197265625
-0.78143310546875
0.19921875
0.535888671875
-0.5599365234375
-0.09161376953125
0.4349365234375
0.590087890625
-0.21722412109375
0.79168701171875
-0.1260986328125
-0.28619384765625
-1.04571533203125
-0.16094970703125
1.0418701171875
-0.32745361328125
-0.2196044921875
-0.1414794921875
-0.11920166015625
0.61383056640625
0.1851806640625
-0.26263427734375
-0.27032470703125
0.86517333984375
0.07733154296875
-0.1767578125
-0.41046142578125
-0.0745849609375
0.0882568359375
0.13677978515625
0.19287109375
0.97210693359375
0.21075439453125
-0.06231689453125
-0.1280517578125
-0.30267333984375
-0.43109130859375
-0.2613525390625
-0.99017333984375
0.20068359375
-0.62933349609375
-0.4810791015625
0.5576171875
-0.27911376953125
-0.22698974609375
-0.0213623046875
-0.69757080078125
0.2125244140625
0.10589599609375
0.06640625
-0.2821044921875
-0.171630859375
0.4971923828125
-0.639404296875
0.06085205078125
-0.0494384765625
0.77740478515625
-0.6639404296875
-0.12176513671875
-0.164794921875
-0.12896728515625
-0.10260009765625
-1.018798828125
0.18853759765625
0.50250244140625
0.1505126953125
-0.79736328125
-0.06475830078125
0.67041015625
-0.10693359375
-0.05914306640625
-0.20172119140625
0.0484619140625
-0.17510986328125
0.76092529296875
-0.075927734375
-0.46087646484375
-0.0057373046875
-0.00604248046875
-0.7303466796875
-0.6834716796875
-0.77886962890625
-0.37384033203125
-0.146728515625
-0.00537109375
1.0946044921875
-0.03564453125
0.74151611328125
-0.17608642578125
0.161865234375
-0.04083251953125
0.55364990234375
0.34075927734375
0.4725341796875
-0.2298583984375
-0.03411865234375
-0.41387939453125
-0.70819091796875
-0.28717041015625
0.34503173828125
-0.11529541015625
0.16278076171875
0.54791259765625
-0.05413818359375
-0.27825927734375
-0.0240478515625
-0.205322265625
-0.19415283203125
-0.0684814453125
-0.2508544921875
0.85479736328125
-0.079345703125
-0.09161376953125
-1.48101806640625
-0.24163818359375
0.2720947265625
0.33404541015625
-0.02972412109375
-0.46075439453125
0.4219970703125
0.3626708984375
-0.2742919921875
-0.62469482421875
-0.55450439453125
0.74420166015625
0.04254150390625
-1.09967041015625
-0.04412841796875
0.11474609375
0.3060302734375
0.18939208984375
-0.26971435546875
-0.2071533203125
0.2962646484375
-0.48773193359375
0.31707763671875
-0.46697998046875
-0.15570068359375
-0.353759765625
-0.2994384765625
0.5474853515625
-0.15228271484375
-1.06927490234375
-0.29449462890625
0.18988037109375
0.0838623046875
-0.12457275390625
0.228271484375
0.86383056640625
-1.47100830078125
0.0052490234375
1.09075927734375
-0.16998291015625
-0.75750732421875
0.1434326171875
-0.89337158203125
-0.66162109375
0.035400390625
-0.3072509765625
0.5699462890625
-0.25775146484375
0.784912109375
0.3607177734375
-0.90155029296875
-0.66009521484375
-0.9219970703125
-1.1656494140625
-0.170166015625
0.29022216796875
-1.21820068359375
-0.23944091796875
0.32501220703125
0.429931640625
-0.2972412109375
-0.092041015625
0.006103515625
-0.28033447265625
-0.4227294921875
-0.776123046875
0.12969970703125
-0.02789306640625
-0.07244873046875
-0.03997802734375
0.31591796875
0.61181640625
-0.654296875
-0.02642822265625
1.03717041015625
-0.6248779296875
-0.46826171875
-0.0677490234375
0.05828857421875
-0.0225830078125
-0.35662841796875
-0.4588623046875
-0.47430419921875
-0.3699951171875
-0.58966064453125
-0.29376220703125
0.4683837890625
0.61090087890625
-0.02496337890625
-0.1737060546875
-0.51239013671875
0.38604736328125
-0.14697265625
-0.67181396484375
0.0224609375
0.8614501953125
-0.4375
0.06915283203125
0.01153564453125
0.39117431640625
0.2545166015625
-0.80389404296875
-0.10406494140625
-0.50506591796875
-0.37957763671875
-0.0029296875
0.17608642578125
0.4146728515625
-1.10308837890625
0.368408203125
-0.3428955078125
0.07952880859375
-0.5987548828125
-0.130859375
0.7076416015625
-0.5460205078125
-0.0072021484375
-0.1669921875
-0.3291015625
-0.34393310546875
0.16510009765625
0.0963134765625
-0.25836181640625
-0.3194580078125
-0.39788818359375
0.10504150390625
0.23876953125
0.31231689453125
-0.08270263671875
0.07440185546875
-0.016845703125
0.2855224609375
-0.23638916015625
-0.13226318359375
0.038818359375
-0.28741455078125
-0.01788330078125
0.50634765625
0.0355224609375
0.32489013671875
0.35809326171875
-1.11041259765625
-0.49725341796875
-0.51739501953125
-0.341796875
0.16650390625
0.8138427734375
-0.3218994140625
0.06060791015625
-0.55859375
-0.06304931640625
-0.1524658203125
-0.4996337890625
-0.06536865234375
0.17529296875
-0.57562255859375
-0.03009033203125
-0.4403076171875
0.3245849609375
0.16705322265625
-0.328369140625
-0.00958251953125
0.23126220703125
-0.6995849609375
-0.181640625
-0.03948974609375
-0.32403564453125
0.021484375
0.17431640625
0.1273193359375
-0.53643798828125
-0.5489501953125
-1.16595458984375
0.151611328125
-0.9630126953125
0.916015625
0.17279052734375
-0.35748291015625
-1.00311279296875
-0.47869873046875
-0.5277099609375
-0.5247802734375
0.44732666015625
0.17718505859375
-0.5142822265625
-0.90203857421875
-0.9268798828125
-0.38916015625
0.57867431640625
0.14276123046875
0.0220947265625
0.16754150390625
-0.366943359375
0.60455322265625
0.31524658203125
-0.9483642578125
-0.688232421875
0.14056396484375
0.6688232421875
0.42584228515625
-0.1923828125
-0.41290283203125
-0.4161376953125
0.26141357421875
1.10614013671875
-0.31756591796875
0.0819091796875
-0.36639404296875
0.08575439453125
0.11041259765625
-0.8348388671875
0.2823486328125
-0.26348876953125
-0.34466552734375
0.20697021484375
-0.36517333984375
-0.36578369140625
0.0650634765625
-0.614501953125
-0.706298828125
0.79754638671875
0.37890625
0.76739501953125
-0.4921875
-1.16558837890625
0.25030517578125
-1.07769775390625
0.2520751953125
0.24749755859375
-0.1348876953125
-0.17327880859375
-0.07891845703125
0.12255859375
-0.41619873046875
-0.94879150390625
-0.3643798828125
-0.2347412109375
-0.24798583984375
0.15667724609375
-0.6173095703125
-0.40521240234375
-0.19146728515625
-0.5748291015625
-0.70123291015625
-0.564208984375
-0.78302001953125
-0.03753662109375
-0.1256103515625
0.15362548828125
0.41650390625
-0.19537353515625
0.09124755859375
-0.21893310546875
-0.4442138671875
-0.87744140625
-0.09344482421875
-0.28515625
0.11199951171875
0.131103515625
-0.2474365234375
0.33935546875
-0.3787841796875
-0.00543212890625
-0.1224365234375
-0.8209228515625
0.3065185546875
-0.29986572265625
-0.4034423828125
-0.775634765625
-0.623779296875
0.330810546875
-0.104248046875
-0.73101806640625
-0.23187255859375
-0.56292724609375
-0.01953125
-0.054931640625
-0.5816650390625
-0.39239501953125
0.40667724609375
-0.73028564453125
-0.35595703125
0.22650146484375
0.3505859375
-0.10028076171875
-0.04345703125
-0.2940673828125
-0.5518798828125
0.25604248046875
-0.6640625
0.3157958984375
0.22088623046875
-0.96881103515625
0.16241455078125
0.005859375
-0.27130126953125
-0.84490966796875
0.17645263671875
0.29193115234375
0.54315185546875
-0.08349609375
0.05633544921875
1.21710205078125
-0.36590576171875
-0.7344970703125
-0.51580810546875
-0.27935791015625
0.76556396484375
0.30133056640625
0.085693359375
-0.12823486328125
-0.71942138671875
-0.72369384765625
-0.40240478515625
-0.0257568359375
-0.410400390625
-0.1856689453125
0.37835693359375
-0.68621826171875
-0.021484375
0.53582763671875
0.39404296875
0.26470947265625
0.460693359375
-0.36572265625
-0.4405517578125
0.197998046875
-0.58172607421875
-0.55364990234375
-0.08367919921875
0.7574462890625
-0.3028564453125
0.0262451171875
0.9307861328125
-0.5521240234375
0.4228515625
-0.248046875
0.3570556640625
-0.3941650390625
0.13812255859375
-0.16888427734375
0.18353271484375
0.0771484375
-0.62005615234375
-0.5634765625
-0.13397216796875
-0.60467529296875
0.0340576171875
-0.654052734375
0.50054931640625
0.94549560546875
-0.138427734375
-0.18719482421875
0.078857421875
0.784912109375
0.90386962890625
0.7274169921875
-0.48321533203125
0.1578369140625
-0.68994140625
-1.2342529296875
0.43304443359375
1.10736083984375
0.73358154296875
0.16650390625
-1.05816650390625
0.59466552734375
0.2596435546875
-0.4180908203125
-0.46307373046875
-0.14300537109375
-0.05889892578125
1.015380859375
0.1461181640625
-0.1024169921875
-0.542724609375
-0.94329833984375
-0.176025390625
-0.50714111328125
-0.991455078125
-1.0572509765625
-0.09033203125
-0.06597900390625
0.3477783203125
-0.02001953125
-0.13165283203125
0.16424560546875
0.16790771484375
0.26605224609375
-0.95172119140625
-1.285888671875
-0.40167236328125
0.00927734375
-0.9010009765625
0.06793212890625
1.67816162109375
-0.64459228515625
-0.56719970703125
-1.178955078125
0.17901611328125
0.232421875
-0.59002685546875
-0.06201171875
-0.68182373046875
-0.305908203125
1.00384521484375
0.77490234375
-0.599365234375
-0.4124755859375
-0.598388671875
0.1849365234375
-0.41192626953125
-0.29827880859375
-0.66876220703125
0.24853515625
0.49969482421875
-0.28369140625
0.4930419921875
0.37408447265625
0.16925048828125
0.28985595703125
0.15045166015625
0.42730712890625
0.17578125
0.1641845703125
-0.28057861328125
0.28277587890625
0.00775146484375
0.01605224609375
-0.4072265625
0.070556640625
0.0341796875
-0.822265625
-0.4659423828125
0.16162109375
-0.57952880859375
0.044677734375
-0.03509521484375
-0.544189453125
0.21258544921875
-0.75274658203125
-0.00823974609375
-0.24755859375
0.54345703125
0.332275390625
-0.20318603515625
-0.27423095703125
-0.08880615234375
-0.16375732421875
-0.11767578125
0.50244140625
0.1312255859375
-0.16766357421875
-0.5965576171875
-0.21710205078125
-0.4229736328125
-0.58685302734375
-0.5860595703125
0.23388671875
-0.167236328125
-0.10357666015625
0.55316162109375
0.0919189453125
0.56951904296875
0.01605224609375
-1.02532958984375
0.0888671875
-0.442138671875
0.10504150390625
0.54998779296875
0.05859375
-0.14129638671875
-0.0478515625
-0.1756591796875
-0.40240478515625
0.074951171875
0.7232666015625
0.35369873046875
0.2291259765625
0.2391357421875
0.19586181640625
-0.3099365234375
0.2664794921875
-0.3480224609375
0.1329345703125
-0.13677978515625
-0.068115234375
0.42095947265625
-0.04827880859375
0.383056640625
-0.00714111328125
0.35162353515625
0.3336181640625
0.27130126953125
-0.4317626953125
-0.08648681640625
0.48175048828125
-0.0428466796875
-0.0543212890625
0.3031005859375
-0.220947265625
0.38092041015625
-0.189208984375
-0.446533203125
-0.559326171875
-0.419189453125
-0.32952880859375
-0.82037353515625
0.0565185546875
0.08184814453125
-0.731201171875
-0.60791015625
-0.73779296875
-0.31298828125
-0.6624755859375
-0.8887939453125
-0.10284423828125
0.3194580078125
-0.694580078125
-0.68060302734375
0.41717529296875
0.35736083984375
0.3021240234375
0.27850341796875
0.05047607421875
-0.6138916015625
-1.37725830078125
-0.07342529296875
0.1646728515625
-0.3358154296875
-0.2921142578125
-0.30072021484375
-0.67694091796875
-1.9248046875
-0.62554931640625
0.25006103515625
0.22027587890625
-0.6529541015625
-0.614990234375
-0.236328125
0.31854248046875
-0.76165771484375
-0.2630615234375
0.3369140625
-0.35205078125
-0.26739501953125
-0.39105224609375
0.004638671875
0.51763916015625
0.2626953125
-0.0711669921875
-0.487060546875
-0.14996337890625
-0.235107421875
-0.779296875
-0.2666015625
0.42205810546875
0.37469482421875
-0.56671142578125
-0.46435546875
0.294677734375
-0.43499755859375
-0.68060302734375
-0.345458984375
-0.7138671875
-0.77838134765625
0.0093994140625
0.44097900390625
0.5504150390625
-0.18719482421875
-1.0908203125
-0.31494140625
-0.13232421875
-0.54278564453125
0.16717529296875
-0.70709228515625
-0.06884765625
-0.34954833984375
0.145751953125
0.2418212890625
-0.16656494140625
-0.43035888671875
-1.18841552734375
0.104248046875
-0.69549560546875
-0.7794189453125
-0.2982177734375
0.16546630859375
0.569580078125
0.004150390625
-0.12274169921875
0.73736572265625
-1.003662109375
-0.0482177734375
-0.02679443359375
0.50311279296875
-0.47344970703125
-0.56072998046875
-0.41876220703125
0.31451416015625
0.05865478515625
0.05291748046875
-0.62530517578125
-0.25439453125
-0.24176025390625
-0.02398681640625
0.1324462890625
-0.7620849609375
-0.36328125
-0.6502685546875
-0.2657470703125
-0.53125
0.5599365234375
-0.43359375
0.037841796875
0.6602783203125
0.250244140625
0.35107421875
-0.4617919921875
-0.25299072265625
0.17132568359375
0.06243896484375
-0.0860595703125
0.22235107421875
-0.18609619140625
-0.3143310546875
0.15325927734375
-0.11224365234375
-0.27435302734375
0.541748046875
-0.93408203125
0.28912353515625
0.24835205078125
0.069580078125
0.9066162109375
-0.147216796875
-0.309814453125
0.0633544921875
-0.21649169921875
-0.369384765625
0.21881103515625
-0.2308349609375
-0.158447265625
0.100830078125
-0.2337646484375
-0.21697998046875
-0.3258056640625
0.00372314453125
-0.24053955078125
-0.16168212890625
-0.19012451171875
-0.33892822265625
-0.23193359375
0.02001953125
-0.24737548828125
-0.4119873046875
-0.20819091796875
-0.28839111328125
-0.108154296875
-1.03143310546875
-1.0216064453125
-0.815185546875
-0.88519287109375
-0.00579833984375
0.1917724609375
-0.59014892578125
0.2760009765625
-0.07550048828125
-0.0142822265625
-0.60699462890625
-0.35626220703125
-0.5572509765625
-0.14727783203125
-0.17291259765625
-0.21484375
-0.2259521484375
-0.6422119140625
6.103515625e-05
-0.17608642578125
-0.0528564453125
-0.594970703125
-0.464111328125
0.17718505859375
-0.1842041015625
-0.0225830078125
-0.24078369140625
-0.45770263671875
0.145751953125
0.6746826171875
0.49920654296875
-0.2149658203125
0.16314697265625
-0.03045654296875
-0.04266357421875
-0.11248779296875
0.27532958984375
0.75787353515625
0.3946533203125
-6.103515625e-05
0.05487060546875
1.066650390625
-0.6072998046875
0.288330078125
0.46881103515625
0.099609375
-0.15655517578125
-0.53546142578125
0.42718505859375
0.7728271484375
-0.19818115234375
-0.4788818359375
0.5106201171875
-0.29949951171875
-0.2484130859375
-0.56048583984375
0.1904296875
-0.78118896484375
0.3721923828125
0.20703125
0.4619140625
-0.294677734375
-0.919189453125
-0.0799560546875
0.6556396484375
0.00592041015625
-1.19342041015625
-0.04547119140625
0.14019775390625
-0.05804443359375
0.19287109375
-0.31475830078125
0.2913818359375
0.754150390625
0.12371826171875
1.0174560546875
-0.84423828125
-1.4827880859375
-0.08551025390625
-0.52081298828125
-0.3804931640625
0.33038330078125
-0.01385498046875
0.12255859375
-0.176025390625
-1.15850830078125
-0.31756591796875
0.4183349609375
0.3443603515625
0.45751953125
-0.42596435546875
-0.14288330078125
0.5157470703125
0.2093505859375
-0.4202880859375
-0.1005859375
-0.4869384765625
0.0400390625
0.19622802734375
-0.07391357421875
-0.55975341796875
-0.42462158203125
-0.42510986328125
0.0531005859375
0.16912841796875
-0.85711669921875
-0.7447509765625
-0.001220703125
-0.1669921875
0.1744384765625
-0.234375
0.53045654296875
-0.1064453125
-0.70367431640625
-0.3834228515625
-0.171875
-0.578125
0.0333251953125
-0.10980224609375
-0.4078369140625
-0.1925048828125
-0.43084716796875
0.10919189453125
0.0809326171875
-0.92578125
0.14129638671875
-0.134765625
-0.1239013671875
-0.26666259765625
-0.617919921875
0.35870361328125
-0.33404541015625
-0.48809814453125
-0.2777099609375
-0.157958984375
0.2100830078125
0.39801025390625
-0.39154052734375
0.1068115234375
0.283935546875
-0.90533447265625
-0.96148681640625
-0.33050537109375
0.24200439453125
0.1683349609375
0.4158935546875
0.6600341796875
0.41876220703125
-0.12042236328125
-0.16912841796875
-0.631103515625
0.16302490234375
0.05889892578125
-0.74169921875
0.3226318359375
0.06597900390625
0.0804443359375
-0.06103515625
-0.78765869140625
-0.344482421875
-0.5869140625
-0.64666748046875
-0.8487548828125
0.12939453125
-0.717041015625
-0.419677734375
-0.0340576171875
-0.4033203125
-0.33349609375
-0.3212890625
-0.89154052734375
-0.0697021484375
-0.15655517578125
0.23870849609375
-0.01251220703125
-0.6572265625
-0.6337890625
-0.13262939453125
0.4073486328125
-0.06170654296875
-0.7386474609375
-0.07763671875
0.27191162109375
0.4073486328125
-0.83880615234375
-0.3787841796875
0.33380126953125
-0.20654296875
0.2410888671875
-0.12994384765625
0.730712890625
0.57177734375
-0.16461181640625
-0.44744873046875
-0.40203857421875
-0.62579345703125
-0.32086181640625
0.52386474609375
-0.01959228515625
0.0831298828125
0.72406005859375
-0.168212890625
0.0323486328125
-0.09814453125
-0.3760986328125
0.17889404296875
-0.31414794921875
-0.8016357421875
-0.06048583984375
0.40252685546875
0.46319580078125
0.37445068359375
-0.2862548828125
-0.74169921875
0.01788330078125
0.301025390625
0.7744140625
0.2840576171875
-0.63641357421875
-0.391357421875
-0.3780517578125
-1.75115966796875
0.56610107421875
0.21417236328125
0.2764892578125
-0.66949462890625
-0.58203125
0.77532958984375
-1.10888671875
-0.28729248046875
-0.0684814453125
-1.20941162109375
0.08013916015625
0.95062255859375
-0.125244140625
0.06207275390625
-0.73736572265625
-1.41192626953125
0.09906005859375
-0.464599609375
-0.1629638671875
-0.6527099609375
-0.3409423828125
0.4210205078125
0.0968017578125
-0.03485107421875
-0.775634765625
-0.0416259765625
-0.39263916015625
0.874755859375
0.876220703125
-0.1575927734375
-0.4327392578125
-0.40411376953125
0.19647216796875
-0.4117431640625
0.830322265625
-0.24169921875
-0.7421875
-0.1417236328125
-0.25360107421875
-0.293701171875
-1.19512939453125
0.3304443359375
-0.0382080078125
-1.04534912109375
1.36602783203125
0.32257080078125
-0.378173828125
0.4169921875
-0.37298583984375
-0.437255859375
-0.012451171875
-0.67889404296875
-0.36346435546875
0.8858642578125
-0.16546630859375
0.04730224609375
0.01190185546875
-0.7098388671875
-0.79888916015625
-0.60150146484375
-0.6878662109375
-0.507568359375
0.029541015625
0.0667724609375
-0.78558349609375
-1.1087646484375
-0.04144287109375
0.0152587890625
-0.90875244140625
0.24920654296875
-0.40777587890625
-0.42034912109375
0.63873291015625
-0.4241943359375
-0.38885498046875
0.41632080078125
-0.02618408203125
-0.01031494140625
-0.03033447265625
0.02020263671875
0.15472412109375
-0.2716064453125
0.042236328125
-0.0946044921875
-0.74212646484375
-0.21466064453125
0.0867919921875
-0.523681640625
-0.39617919921875
-0.73699951171875
0.44927978515625
0.9180908203125
0.08612060546875
-0.4107666015625
-0.83404541015625
-0.5224609375
0.3553466796875
-0.09735107421875
0.087646484375
0.37139892578125
0.4051513671875
0.22540283203125
-0.13787841796875
-0.35528564453125
-0.25653076171875
-0.21783447265625
-0.33685302734375
0.89874267578125
-0.05615234375
-0.1512451171875
-0.695068359375
-0.390869140625
-0.08056640625
0.368896484375
-0.1353759765625
0.5067138671875
0.14007568359375
-0.0999755859375
0.1260986328125
-0.5665283203125
0.15301513671875
0.88165283203125
0.19964599609375
-0.005615234375
-0.68994140625
-0.47943115234375
0.826171875
0.0899658203125
-0.65509033203125
0.23187255859375
-0.12774658203125
-0.09130859375
0.090087890625
0.2125244140625
-0.18359375
0.00958251953125
-0.35888671875
0.02337646484375
0.95867919921875
-0.21282958984375
-0.718017578125
-0.1875
-0.3572998046875
0.44976806640625
-0.518798828125
0.415771484375
-0.13409423828125
0.06512451171875
0.18231201171875
0.01806640625
0.21844482421875
0.0645751953125
-0.5931396484375
-0.69805908203125
0.15667724609375
0.00897216796875
-0.1512451171875
-0.155029296875
-0.34454345703125
-0.3541259765625
-0.6190185546875
0.59735107421875
-0.42352294921875
-0.1668701171875
-0.72149658203125
-1.08929443359375
-0.6025390625
-0.7861328125
0.4747314453125
-0.131591796875
1.117431640625
-0.13812255859375
-1.36956787109375
-0.60369873046875
-0.076904296875
0.58624267578125
0.43707275390625
0.1175537109375
-0.71368408203125
0.74212646484375
0.31671142578125
-0.63507080078125
0.0374755859375
-0.59912109375
0.04888916015625
0.31591796875
-0.02593994140625
0.0107421875
-0.93011474609375
-0.79302978515625
0.82965087890625
0.02435302734375
-1.30474853515625
-0.84149169921875
0.92041015625
1.2181396484375
-0.61907958984375
-0.56280517578125
-0.5684814453125
-0.4476318359375
-0.24407958984375
-0.3140869140625
-0.26202392578125
-0.57904052734375
-0.56329345703125
-0.7257080078125
0.17816162109375
0.86767578125
-0.10015869140625
-1.1966552734375
-1.0457763671875
0.2899169921875
-0.2784423828125
0.426025390625
0.357177734375
0.08526611328125
-0.16180419921875
-0.06390380859375
0.74114990234375
-0.29449462890625
-0.7559814453125
-0.423095703125
0.03363037109375
0.1492919921875
0.31475830078125
-0.16357421875
-0.79913330078125
1.21685791015625
0.54449462890625
-0.1495361328125
-0.262451171875
0.08941650390625
-0.0560302734375
-0.3966064453125
-0.2091064453125
-0.1533203125
-0.577392578125
-0.488037109375
0.5196533203125
-0.02423095703125
-0.06109619140625
-0.52447509765625
-0.13592529296875
0.56500244140625
-0.0982666015625
-0.01312255859375
0.21923828125
0.8084716796875
-0.9937744140625
-0.314453125
-0.05767822265625
-0.130615234375
-0.82159423828125
-1.08221435546875
0.2884521484375
-0.099609375
0.39794921875
0.1385498046875
-0.21026611328125
-0.04608154296875
-0.363037109375
0.18927001953125
-0.2813720703125
0.5693359375
-0.282958984375
-0.45623779296875
-0.6260986328125
-0.07086181640625
-1.70733642578125
-0.172119140625
-0.5430908203125
0.5999755859375
-0.24542236328125
-0.51556396484375
0.35235595703125
0.3197021484375
0.00836181640625
0.525390625
-0.480712890625
-0.181396484375
-0.8638916015625
-0.135009765625
-0.54315185546875
0.16473388671875
-0.1705322265625
0.22857666015625
0.7891845703125
-0.18597412109375
-0.175048828125
-0.58245849609375
0.23736572265625
0.31890869140625
0.47479248046875
-0.8302001953125
-0.73675537109375
0.1829833984375
-0.263671875
0.07672119140625
-0.51153564453125
0.31561279296875
-0.44146728515625
-0.74908447265625
-0.7564697265625
0.2298583984375
-0.1209716796875
0.0155029296875
0.20404052734375
0.08782958984375
-0.1829833984375
0.041015625
-0.4637451171875
1.175537109375
0.301513671875
-0.51092529296875
-0.156982421875
-0.33929443359375
0.95928955078125
-0.75347900390625
-0.2647705078125
-0.182373046875
-0.48046875
-0.02398681640625
-0.26873779296875
0.4483642578125
-0.3665771484375
-0.69573974609375
0.732666015625
0.48699951171875
-0.0150146484375
-0.85211181640625
0.4228515625
-0.30810546875
-0.3614501953125
0.3336181640625
-0.24957275390625
-0.5054931640625
0.1385498046875
-0.89593505859375
-0.32635498046875
0.29644775390625
0.51776123046875
-0.6824951171875
0.08978271484375
-0.168701171875
0.03271484375
-0.12335205078125
-0.74664306640625
-0.10125732421875
0.89404296875
0.3841552734375
0.0615234375
-0.8411865234375
-0.344970703125
-0.17547607421875
-0.0797119140625
-0.2806396484375
-0.89691162109375
0.5379638671875
-0.01385498046875
0.2752685546875
0.10321044921875
-2.4361572265625
-0.76007080078125
0.37799072265625
-0.771240234375
-0.01617431640625
0.1934814453125
0.33782958984375
-0.36529541015625
-0.2969970703125
0.04669189453125
0.95098876953125
0.12103271484375
-0.75177001953125
1.15826416015625
-0.1180419921875
-0.0938720703125
0.2000732421875
-0.48046875
0.7801513671875
0.411376953125
0.901123046875
-0.17083740234375
-0.2132568359375
-0.1552734375
-0.1810302734375
0.5721435546875
0.09503173828125
0.0325927734375
-0.100341796875
-0.476318359375
1.4512939453125
-0.1446533203125
-0.525390625
0.045654296875
-0.49969482421875
-0.37152099609375
-0.13836669921875
-1.071533203125
-0.34356689453125
-0.02557373046875
-0.22552490234375
-0.27178955078125
-0.11474609375
-0.33795166015625
-0.79095458984375
-1.34466552734375
-0.0579833984375
-0.17486572265625
-0.267822265625
0.11627197265625
0.16229248046875
-0.24713134765625
-0.6407470703125
0.212646484375
-0.4560546875
-0.11810302734375
-0.60626220703125
-0.60479736328125
0.07513427734375
-0.3856201171875
-0.18341064453125
-0.15472412109375
-0.3988037109375
-1.0704345703125
0.39715576171875
0.21160888671875
-0.82611083984375
-0.393310546875
0.03729248046875
-0.45440673828125
0.4642333984375
-0.201171875
-0.2708740234375
0.44659423828125
-0.513671875
0.131103515625
0.22406005859375
-0.015625
0.12744140625
-0.09185791015625
-0.2176513671875
0.429443359375
0.40887451171875
-0.40704345703125
0.09710693359375
-0.3433837890625
0.14617919921875
0.04931640625
-0.47943115234375
0.20684814453125
-0.49249267578125
-0.3929443359375
0.12091064453125
-0.0281982421875
-0.29180908203125
-0.29693603515625
-0.4556884765625
0.30029296875
-0.69940185546875
-0.82745361328125
0.39453125
-0.5343017578125
-0.291259765625
0.06097412109375
0.15106201171875
0.53521728515625
-0.4439697265625
-0.397216796875
-0.26800537109375
0.3021240234375
0.19866943359375
-0.4263916015625
-0.3472900390625
-0.217041015625
-0.11566162109375
0.41595458984375
-0.09002685546875
0.060302734375
-0.32183837890625
-0.5999755859375
-0.20867919921875
-0.2982177734375
-0.3441162109375
-0.1251220703125
-0.339111328125
-0.53778076171875
0.06988525390625
-0.97210693359375
-0.480712890625
0.0057373046875
-0.210205078125
-0.17901611328125
0.1766357421875
-0.45428466796875
0.20947265625
0.1484375
-0.6453857421875
-0.8114013671875
-0.630126953125
0.19140625
0.12176513671875
-0.16046142578125
-0.33441162109375
-0.107177734375
-0.06341552734375
-0.56353759765625
0.8897705078125
0.57061767578125
-0.0260009765625
-0.5078125
-0.32232666015625
0.785888671875
-0.13372802734375
0.626220703125
0.67669677734375
-0.349609375
0.49639892578125
-0.40283203125
-0.2139892578125
0.98468017578125
0.59637451171875
-0.5838623046875
-0.01812744140625
-0.65899658203125
0.848876953125
0.28179931640625
-0.02349853515625
0.29205322265625
-0.07952880859375
-0.6710205078125
0.29498291015625
-0.01416015625
-0.81683349609375
0.4365234375
0.51068115234375
-0.0506591796875
-1.004638671875
-0.88818359375
0.57855224609375
0.09271240234375
-0.09185791015625
-0.92315673828125
0.100341796875
0.43408203125
0.4969482421875
-0.41864013671875
-0.634765625
-0.55670166015625
-0.60858154296875
-0.33209228515625
0.1453857421875
0.3031005859375
0.64178466796875
0.21575927734375
-0.4500732421875
-1.09381103515625
0.7296142578125
-0.38323974609375
-0.909423828125
-0.46099853515625
-0.341796875
0.43017578125
0.7449951171875
0.15380859375
-0.78662109375
-0.22235107421875
0.228759765625
0.1485595703125
-0.56341552734375
-1.17364501953125
-0.1839599609375
-0.089111328125
0.4957275390625
-0.22528076171875
0.20721435546875
0.5367431640625
-0.3702392578125
-0.348388671875
-0.04962158203125
-0.28594970703125
-0.86590576171875
0.01409912109375
0.28106689453125
0.4139404296875
-0.99273681640625
-0.72601318359375
-0.24603271484375
-0.23980712890625
0.0328369140625
0.22381591796875
-0.96832275390625
-0.4737548828125
-0.14361572265625
-0.34490966796875
0.09930419921875
-0.47637939453125
-0.65826416015625
-0.576171875
-0.76531982421875
-0.5855712890625
0.12994384765625
-0.30865478515625
0.10003662109375
0.0572509765625
0.35968017578125
0.28533935546875
-0.23492431640625
-0.01336669921875
-0.142333984375
-0.2813720703125
-0.40167236328125
-0.39105224609375
-0.45977783203125
-0.79364013671875
-0.0570068359375
0.0601806640625
-0.12713623046875
0.48065185546875
0.62548828125
0.2257080078125
-0.339111328125
-1.03729248046875
-0.2039794921875
-0.30517578125
-0.0557861328125
-0.38336181640625
-0.3211669921875
-0.270751953125
-0.35797119140625
-0.072021484375
-0.28375244140625
-0.1890869140625
-0.58746337890625
0.29620361328125
0.284423828125
-0.14215087890625
-0.12689208984375
0.20635986328125
0.37457275390625
0.322509765625
0.11639404296875
0.57354736328125
0.22259521484375
-0.25921630859375
-0.59857177734375
-0.20245361328125
-0.2742919921875
-0.05615234375
-0.04290771484375
-0.01385498046875
-0.07159423828125
-0.30780029296875
-0.30352783203125
-1.029541015625
0.09393310546875
0.202392578125
0.20330810546875
-0.23992919921875
-0.73193359375
-0.10430908203125
-0.8905029296875
-0.00994873046875
0.68768310546875
0.57159423828125
0.04412841796875
-0.35064697265625
0.3594970703125
-0.30059814453125
0.33905029296875
-0.90301513671875
-0.76666259765625
-0.2572021484375
-0.27783203125
0.524169921875
0.54327392578125
0.06353759765625
-0.08746337890625
-0.17877197265625
-0.18231201171875
-0.6822509765625
-0.15277099609375
0.06988525390625
0.313720703125
0.45062255859375
-0.41180419921875
0.22052001953125
0.09716796875
0.044189453125
0.65838623046875
0.6817626953125
-0.1802978515625
-0.2879638671875
0.00830078125
-0.19189453125
0.9658203125
-0.4288330078125
-0.76611328125
-0.66845703125
0.8656005859375
-0.17401123046875
-0.7845458984375
-1.01763916015625
-0.53717041015625
0.2235107421875
0.041015625
0.45880126953125
0.6307373046875
-1.7811279296875
-1.23773193359375
0.7420654296875
0.00927734375
0.1134033203125
-0.7796630859375
-0.1358642578125
0.1917724609375
0.5045166015625
-0.6773681640625
-0.55810546875
0.68621826171875
-0.075927734375
0.6094970703125
-0.44561767578125
-0.214111328125
0.20623779296875
-0.95819091796875
0.57037353515625
0.3626708984375
0.37518310546875
-0.39599609375
0.1190185546875
-0.2447509765625
1.10888671875
0.33380126953125
-1.140380859375
0.0814208984375
-0.3184814453125
0.2188720703125
0.97894287109375
0.506103515625
-0.08929443359375
-0.49542236328125
-0.3487548828125
-0.234375
-0.51434326171875
-0.43072509765625
-0.58648681640625
0.114501953125
0.4482421875
0.09619140625
-0.56976318359375
-0.41973876953125
0.31610107421875
-0.47039794921875
-0.4246826171875
-0.29388427734375
-0.50677490234375
-0.092041015625
-0.410400390625
0.5301513671875
-0.23223876953125
-0.5595703125
-0.62652587890625
0.2685546875
-0.41448974609375
-0.4664306640625
-0.00927734375
-0.56304931640625
-0.1546630859375
-0.23529052734375
-0.13922119140625
-0.52239990234375
-0.1494140625
0.73419189453125
0.626220703125
0.4197998046875
-0.59478759765625
0.1082763671875
0.2633056640625
-1.3173828125
0.4925537109375
0.07861328125
0.11468505859375
-1.216796875
-0.2127685546875
0.6844482421875
0.18841552734375
0.376953125
-0.037109375
-0.26202392578125
-0.0618896484375
0.40484619140625
-0.00555419921875
-0.73895263671875
0.152099609375
0.665771484375
-0.0511474609375
0.371337890625
0.04315185546875
-0.62567138671875
-0.41998291015625
0.3448486328125
0.00836181640625
0.031982421875
-0.095947265625
-0.27581787109375
0.70819091796875
-0.1051025390625
-0.4007568359375
0.3187255859375
0.19354248046875
-0.5703125
-0.332275390625
0.505126953125
-0.13763427734375
-0.134765625
0.2940673828125
-0.23028564453125
-0.23681640625
-0.117919921875
-0.2984619140625
-0.1163330078125
-0.03369140625
0.054931640625
-0.1005859375
0.044677734375
-0.20843505859375
0.19171142578125
-0.225830078125
0.07452392578125
0.2908935546875
-0.41156005859375
-0.713134765625
0.0906982421875
-0.45123291015625
-0.40313720703125
0.54345703125
-0.69158935546875
-0.09375
0.43621826171875
-0.46044921875
-0.32940673828125
-0.16357421875
-0.47149658203125
-0.45745849609375
0.551025390625
-0.9442138671875
0.2747802734375
0.3118896484375
0.43212890625
0.1849365234375
-0.20697021484375
-0.2034912109375
-0.2723388671875
-0.05560302734375
0.10626220703125
-0.14105224609375
-0.84515380859375
-0.62677001953125
0.08648681640625
0.4969482421875
-0.50567626953125
-0.39892578125
-0.01824951171875
0.3326416015625
-1.19244384765625
-1.24395751953125
0.1287841796875
1.160888671875
-0.5855712890625
-0.3974609375
-0.1456298828125
1.14190673828125
-0.08502197265625
-0.7508544921875
0.36322021484375
-0.90875244140625
0.44293212890625
-0.41259765625
-0.7451171875
0.32672119140625
-0.99188232421875
-0.78680419921875
-0.70849609375
-0.62493896484375
-0.6348876953125
-0.1641845703125
0.1087646484375
0.811767578125
-0.426513671875
-0.51849365234375
0.778564453125
0.57684326171875
-0.10894775390625
-0.73162841796875
0.22930908203125
-1.0074462890625
-0.4962158203125
-0.5924072265625
-0.22064208984375
0.50299072265625
-0.1214599609375
0.063232421875
-1.12890625
-0.83447265625
0.029541015625
0.4918212890625
-0.90283203125
0.0299072265625
0.2401123046875
0.0767822265625
1.21649169921875
0.08135986328125
-0.031982421875
-0.03082275390625
-0.150390625
0.49737548828125
-0.8699951171875
-0.068115234375
-0.35809326171875
-0.1314697265625
0.427490234375
0.05035400390625
-0.52294921875
0.0009765625
-0.41607666015625
-0.71917724609375
0.4349365234375
0.021484375
0.402587890625
0.4261474609375
0.34326171875
-0.51605224609375
-0.6419677734375
-0.20355224609375
-0.11212158203125
0.4217529296875
0.39276123046875
-0.016357421875
-0.1253662109375
-0.27313232421875
-0.55169677734375
-0.23687744140625
0.15338134765625
-0.33642578125
0.4541015625
0.2578125
0.11541748046875
-0.1004638671875
-0.29931640625
-0.18304443359375
-0.38897705078125
0.62200927734375
0.37457275390625
0.57647705078125
0.05987548828125
-0.19769287109375
0.312744140625
0.0013427734375
-0.44244384765625
-0.0496826171875
-0.365478515625
-0.62799072265625
0.468505859375
-0.51318359375
0.4449462890625
-0.05419921875
-0.42706298828125
-0.09716796875
-0.27740478515625
0.17315673828125
-0.3907470703125
-0.575927734375
-0.3719482421875
-0.3011474609375
-0.40972900390625
-0.14752197265625
0.067138671875
0.07977294921875
-0.72930908203125
0.01580810546875
-0.318603515625
0.427734375
-0.89556884765625
-0.47613525390625
-0.564208984375
-0.3980712890625
0.08221435546875
0.0743408203125
-0.06268310546875
-0.394287109375
-0.58953857421875
-0.17535400390625
-0.45281982421875
-0.419921875
-0.2918701171875
0.38470458984375
0.10064697265625
0.11517333984375
0.22222900390625
-0.56640625
0.11822509765625
-0.5638427734375
0.4320068359375
0.01348876953125
-0.62457275390625
-0.55572509765625
0.2001953125
-0.11712646484375
-0.282470703125
-0.4505615234375
0.51947021484375
-0.15191650390625
0.351318359375
-0.397705078125
-0.0281982421875
0.2501220703125
-0.00543212890625
-0.14080810546875
-0.2119140625
0.5509033203125
-0.1934814453125
0.13970947265625
-0.37060546875
-0.3704833984375
0.3521728515625
0.80267333984375
-0.07647705078125
0.1036376953125
-0.02972412109375
-0.55963134765625
-0.31451416015625
0.2843017578125
-0.00567626953125
0.71258544921875
0.093505859375
-0.92620849609375
-0.97637939453125
-1.1929931640625
-0.70849609375
-0.1199951171875
0.65313720703125
-0.4049072265625
0.05950927734375
0.56927490234375
-0.72210693359375
0.0029296875
-0.18548583984375
-0.38275146484375
0.95989990234375
0.71185302734375
0.4039306640625
0.37567138671875
-1.75628662109375
-0.87725830078125
0.670166015625
-1.3082275390625
-1.5379638671875
-0.1748046875
0.9678955078125
0.15020751953125
-0.452880859375
-0.56365966796875
-0.0238037109375
-0.335693359375
-0.36566162109375
0.056884765625
-0.59716796875
-0.60186767578125
-0.13934326171875
0.20172119140625
0.1917724609375
0.66119384765625
-0.23760986328125
-0.45013427734375
0.00567626953125
-0.83782958984375
0.30499267578125
0.72882080078125
-0.002197265625
-0.4512939453125
-0.06585693359375
-0.38031005859375
0.31005859375
-0.17718505859375
-0.34552001953125
0.608154296875
0.05926513671875
-0.05126953125
-0.0181884765625
-1.38018798828125
0.52850341796875
0.603515625
-0.5167236328125
0.521484375
-0.763916015625
0.18560791015625
-0.56103515625
-0.794677734375
-0.381103515625
-0.04217529296875
-0.51702880859375
0.509765625
-0.1553955078125
0.0006103515625
-0.32257080078125
0.5364990234375
0.3629150390625
0.049072265625
-0.665283203125
-0.9271240234375
-0.28265380859375
0.3238525390625
-0.08587646484375
-0.23370361328125
-0.29315185546875
-0.27020263671875
-0.4974365234375
0.27215576171875
-0.39569091796875
-0.2392578125
-0.54150390625
-0.153564453125
-0.4794921875
-0.0826416015625
-0.5975341796875
0.14166259765625
-0.0650634765625
-0.95233154296875
0.1663818359375
-0.3978271484375
-0.16790771484375
-0.37322998046875
-0.36810302734375
0.0126953125
-0.4542236328125
-0.63482666015625
-0.33941650390625
-0.2950439453125
0.5040283203125
-0.1558837890625
-0.82220458984375
-0.835693359375
-0.87994384765625
-0.9273681640625
-0.48095703125
-0.0057373046875
-0.42828369140625
-0.623046875
0.32861328125
0.173828125
-0.218017578125
-1.04022216796875
0.328857421875
0.40435791015625
-0.180908203125
-1.63177490234375
-0.33367919921875
-0.232421875
-0.56689453125
-0.051513671875
-0.00494384765625
-0.3109130859375
0.3642578125
-0.224609375
-0.19854736328125
-0.482177734375
-0.72833251953125
-0.6871337890625
-0.17706298828125
0.13446044921875
0.26702880859375
-0.37542724609375
-0.297607421875
-0.9197998046875
0.34881591796875
-0.1993408203125
-0.23931884765625
0.12518310546875
0.36248779296875
-1.14654541015625
-0.429931640625
-0.7056884765625
0.08111572265625
1.08160400390625
-0.617431640625
-0.2467041015625
-0.26092529296875
-0.5350341796875
0.20941162109375
0.02447509765625
-0.224609375
-0.71148681640625
-0.3839111328125
-0.3656005859375
-0.5213623046875
-0.1480712890625
-0.37652587890625
0.2564697265625
-0.49774169921875
0.125732421875
0.34259033203125
0.21978759765625
0.64910888671875
-0.47039794921875
-0.56475830078125
-0.278076171875
0.1513671875
0.19061279296875
0.32958984375
-0.0052490234375
-0.635009765625
-0.28936767578125
-0.38922119140625
0.3292236328125
0.32049560546875
0.7264404296875
0.16827392578125
-0.024169921875
0.18743896484375
-0.45611572265625
-0.58935546875
-0.21539306640625
-0.80810546875
0.064697265625
-0.06842041015625
-0.26202392578125
0.12127685546875
0.07830810546875
-0.10455322265625
0.2694091796875
1.05950927734375
-0.423583984375
-0.477294921875
0.581298828125
0.10894775390625
0.1202392578125
0.06500244140625
-1.09344482421875
-0.076171875
0.5618896484375
-0.14678955078125
-0.7298583984375
-0.8841552734375
-0.01007080078125
-0.2132568359375
0.71954345703125
-0.05224609375
0.29815673828125
-0.61175537109375
-1.1201171875
0.98333740234375
0.390380859375
-0.24249267578125
-0.638671875
0.05426025390625
0.59991455078125
0.149658203125
0.1566162109375
0.77325439453125
-0.65313720703125
-0.48553466796875
-0.1180419921875
-0.41058349609375
-0.302978515625
-0.50689697265625
-0.08404541015625
0.55902099609375
-0.29327392578125
0.04254150390625
-0.02984619140625
-0.7342529296875
-0.63385009765625
-0.39117431640625
0.705078125
0.384521484375
-0.64508056640625
0.39642333984375
0.09381103515625
-0.33538818359375
0.40423583984375
-0.15240478515625
-0.22271728515625
-0.78033447265625
0.447509765625
-0.03997802734375
-0.50494384765625
0.43206787109375
-0.33782958984375
-0.053955078125
0.434814453125
0.30889892578125
-0.5933837890625
0.20672607421875
-0.163330078125
-0.50433349609375
0.2923583984375
0.080078125
-0.6014404296875
-0.18682861328125
-0.80743408203125
0.940673828125
0.1429443359375
-0.0252685546875
-0.327392578125
0.51068115234375
0.1827392578125
-1.10845947265625
0.50848388671875
0.406494140625
-0.03204345703125
-0.9283447265625
-0.6702880859375
-0.41259765625
-0.28692626953125
-0.34765625
0.29901123046875
0.03631591796875
0.31793212890625
-0.0765380859375
0.04730224609375
-0.05816650390625
0.1456298828125
0.4039306640625
-0.2293701171875
0.19635009765625
-0.4521484375
0.00250244140625
-0.0723876953125
-0.635498046875
0.436279296875
-0.4527587890625
-0.35345458984375
0.10888671875
0.9842529296875
-0.2154541015625
0.22296142578125
-0.02349853515625
0.1611328125
0.19317626953125
-0.0089111328125
0.3956298828125
-1.0677490234375
-0.2298583984375
-0.24346923828125
-0.8380126953125
0.005615234375
-0.2974853515625
-0.90057373046875
0.63330078125
-0.68768310546875
-0.40411376953125
-0.04205322265625
0.020263671875
-1.07183837890625
0.41168212890625
-0.013427734375
-0.61724853515625
-0.8482666015625
0.59075927734375
0.03033447265625
-0.34173583984375
-0.27508544921875
-0.53216552734375
-0.07281494140625
-0.39813232421875
0.43341064453125
-0.27447509765625
0.421630859375
0.5084228515625
-0.002685546875
-0.9644775390625
-0.67327880859375
0.8446044921875
0.7615966796875
0.3389892578125
0.21923828125
-0.73834228515625
-0.9583740234375
1.01837158203125
0.209228515625
-0.21124267578125
-0.1177978515625
0.49908447265625
-0.0345458984375
-0.49664306640625
-0.729248046875
-0.10943603515625
0.9344482421875
-0.5947265625
-0.77764892578125
0.2733154296875
-0.1890869140625
0.43841552734375
-0.27972412109375
-0.05096435546875
-0.143310546875
1.1634521484375
-0.05126953125
-0.46331787109375
0.552978515625
-1.4298095703125
-0.48638916015625
-0.33270263671875
-1.62518310546875
0.17596435546875
-0.03314208984375
-0.00677490234375
0.9962158203125
0.06719970703125
-0.67889404296875
0.35345458984375
0.64300537109375
-0.10400390625
0.81622314453125
-0.4830322265625
-0.49700927734375
0.07354736328125
-0.716552734375
0.07476806640625
0.92633056640625
0.22607421875
-0.09759521484375
-0.843994140625
-0.48870849609375
0.181640625
0.818115234375
-0.89910888671875
0.27001953125
0.6324462890625
-0.5535888671875
0.28961181640625
-0.18218994140625
-0.45294189453125
-0.44195556640625
-0.13372802734375
0.61029052734375
0.07366943359375
-1.0037841796875
0.666259765625
-0.05206298828125
-1.09307861328125
-0.104248046875
0.07452392578125
-0.80084228515625
0.25970458984375
-0.23065185546875
-0.0509033203125
0.38177490234375
-0.4154052734375
-0.12957763671875
-0.04583740234375
-0.1746826171875
0.5072021484375
0.08062744140625
-0.7579345703125
-0.58209228515625
-0.53668212890625
0.30487060546875
-0.10577392578125
0.20220947265625
-0.0023193359375
-0.1593017578125
-0.27093505859375
-0.4217529296875
-0.30145263671875
0.0576171875
0.0867919921875
-0.2503662109375
0.543701171875
-0.4522705078125
-0.706787109375
0.293701171875
-0.24066162109375
-0.16522216796875
0.50238037109375
-0.58612060546875
-0.14208984375
-0.2020263671875
-0.08734130859375
-0.5728759765625
0.21063232421875
-0.67138671875
-0.52911376953125
-0.2791748046875
-0.29766845703125
-0.20123291015625
-0.8275146484375
-0.1776123046875
0.38409423828125
0.38336181640625
0.42828369140625
-0.29461669921875
-0.78021240234375
0.168701171875
0.66064453125
-0.11590576171875
0.54193115234375
-0.260986328125
-0.09417724609375
-0.201904296875
0.60137939453125
-1.00433349609375
-0.57916259765625
0.1575927734375
0.121826171875
-0.47088623046875
-0.1949462890625
-0.19146728515625
-0.2821044921875
0.375
-0.14617919921875
-0.1617431640625
0.5892333984375
0.04766845703125
-0.4554443359375
0.17913818359375
-0.119873046875
-0.61383056640625
-0.6610107421875
0.0335693359375
-0.02874755859375
-0.25286865234375
0.07318115234375
-0.0548095703125
-0.174072265625
-0.71429443359375
-0.08843994140625
0.3822021484375
-0.62054443359375
0.02197265625
0.078125
-0.21087646484375
-0.114013671875
-0.5736083984375
-0.1243896484375
-0.49822998046875
-0.5408935546875
-0.63592529296875
-0.50445556640625
-0.16754150390625
-0.12548828125
-0.96661376953125
-0.26556396484375
-0.04168701171875
-0.6424560546875
-0.45721435546875
0.129638671875
0.23712158203125
-0.20001220703125
-0.256591796875
-0.59405517578125
0.01116943359375
-0.0916748046875
0.56787109375
1.19647216796875
-0.39288330078125
-0.10076904296875
-0.102294921875
-0.79290771484375
-0.1455078125
-0.1383056640625
0.15179443359375
0.4873046875
-0.670166015625
0.24603271484375
0.285400390625
-1.18218994140625
-0.4061279296875
0.2568359375
-0.60931396484375
0.71533203125
0.16845703125
-1.39288330078125
-0.9803466796875
0.395751953125
0.29168701171875
-0.865966796875
-0.0350341796875
0.59588623046875
0.012451171875
-0.99603271484375
-0.647216796875
0.29473876953125
-0.49078369140625
0.783447265625
0.58905029296875
-0.4232177734375
-0.10858154296875
-0.13726806640625
-0.76519775390625
-0.04736328125
0.44610595703125
-0.24237060546875
1.0118408203125
-0.66131591796875
-0.73931884765625
0.72662353515625
-0.01416015625
-0.441650390625
-0.58795166015625
-0.26739501953125
-0.24127197265625
-0.1689453125
0.31463623046875
-0.28619384765625
-0.51123046875
-0.441650390625
0.33355712890625
-0.48419189453125
0.0994873046875
-0.4793701171875
0.13238525390625
-0.09503173828125
-0.22442626953125
-0.1478271484375
-0.677734375
-1.016845703125
0.4541015625
0.69189453125
-0.72320556640625
0.16644287109375
-0.1973876953125
-0.00738525390625
0.1468505859375
0.1724853515625
-1.03753662109375
-0.6517333984375
-0.39654541015625
0.3226318359375
-0.140869140625
-0.40594482421875
-0.11859130859375
-0.538818359375
-1.01544189453125
-0.58258056640625
-0.026611328125
-0.05804443359375
0.685546875
-0.1702880859375
-0.29571533203125
0.47552490234375
-0.055419921875
-0.14080810546875
-0.41241455078125
-0.31463623046875
0.0782470703125
0.74560546875
-0.7540283203125
-0.221923828125
0.02972412109375
0.06024169921875
0.8935546875
0.27691650390625
0.50262451171875
-0.4503173828125
-0.18450927734375
0.14697265625
-0.60125732421875
0.014892578125
0.40966796875
0.1639404296875
-0.4259033203125
-0.04327392578125
0.2513427734375
0.06549072265625
-0.13446044921875
-0.271484375
0.23162841796875
-0.13861083984375
0.31170654296875
-0.06884765625
-0.0025634765625
-0.17169189453125
0.004638671875
-0.10888671875
-0.512451171875
0.0076904296875
-0.285888671875
0.32171630859375
-0.179931640625
-0.3160400390625
-0.37689208984375
-0.364013671875
-0.6158447265625
-0.69464111328125
0.22430419921875
-0.3001708984375
-0.84912109375
-0.517333984375
0.1986083984375
-0.075927734375
0.31451416015625
-0.0440673828125
-0.4356689453125
-0.53271484375
0.57476806640625
-0.93670654296875
-0.066650390625
-0.429443359375
-0.3077392578125
-0.13763427734375
-0.48223876953125
-0.3388671875
0.3475341796875
-0.78271484375
-0.68853759765625
-0.05279541015625
-0.447998046875
-0.40362548828125
-0.32781982421875
-0.5240478515625
-0.047119140625
0.22491455078125
-0.041259765625
0.54083251953125
0.05792236328125
-0.08966064453125
-0.01641845703125
-0.9522705078125
-0.75286865234375
-0.50347900390625
0.19464111328125
0.35528564453125
-0.35906982421875
-0.6861572265625
-0.1341552734375
0.73309326171875
0.65911865234375
0.73834228515625
-0.29718017578125
-0.15875244140625
-1.14715576171875
-1.07489013671875
0.8453369140625
0.45257568359375
0.36669921875
-0.56414794921875
-0.09356689453125
-0.2020263671875
-0.316650390625
-0.4530029296875
-0.160400390625
-1.09991455078125
0.83734130859375
0.9576416015625
0.0789794921875
0.410400390625
-1.8038330078125
-1.43023681640625
-0.3778076171875
-1.11627197265625
-0.5511474609375
-0.2562255859375
-0.4180908203125
1.0391845703125
-0.2093505859375
-0.90167236328125
0.35791015625
0.33563232421875
-0.740478515625
0.43756103515625
0.190185546875
-0.00537109375
-1.037353515625
0.1224365234375
-0.626953125
1.3184814453125
0.5162353515625
-0.4755859375
0.02923583984375
-1.70941162109375
0.21063232421875
0.4483642578125
-1.25665283203125
0.084716796875
-0.42474365234375
-1.17523193359375
1.34393310546875
0.58258056640625
-1.0244140625
-0.38555908203125
-0.3974609375
0.7637939453125
-0.16119384765625
-0.42828369140625
-0.809326171875
0.6435546875
-0.57110595703125
-0.06365966796875
0.28216552734375
-0.02490234375
-0.172607421875
-1.239501953125
0.2752685546875
0.02825927734375
-0.88043212890625
-0.68798828125
-0.37548828125
0.3699951171875
-0.3970947265625
0.435302734375
-0.5377197265625
0.54302978515625
-0.0667724609375
0.32861328125
-0.2950439453125
-0.8546142578125
-0.2747802734375
0.2982177734375
-0.310546875
-0.56298828125
-0.1610107421875
0.40576171875
-0.22003173828125
-0.30712890625
